ID 	 X_COORD		 Y_COORD		 F1	F2	F3	F4	F5	F6	F7	F8	F9	F10	F11	F12	F13	F14	F15	
1	21.861767434522974	-102.32436369161543	5	4	3	3	5	4	1	1	4	1	3	1	1	5	3	
2	21.8852901787252	-102.32168779752621	0	2	3	5	2	0	1	2	4	5	5	0	0	2	3	
3	21.86726830055563	-102.30943279934684	5	2	1	3	5	5	4	1	2	0	1	1	2	2	3	
4	21.87865080624845	-102.31160927113481	3	2	2	2	4	0	3	0	5	2	5	3	5	5	1	
5	21.90767179635798	-102.31699297931779	4	1	5	0	5	2	2	0	1	3	3	5	4	3	4	
6	21.920061210866876	-102.31775889256163	5	3	2	5	5	3	0	2	5	1	2	5	3	3	2	
7	21.91926905956475	-102.32637570802183	1	1	4	2	1	2	5	0	3	1	0	2	0	0	1	
8	21.92235159617649	-102.31732674676715	0	3	0	1	4	4	3	0	5	4	4	0	0	3	3	
9	21.92454185312648	-102.32680288664776	3	3	0	0	0	5	0	2	5	0	4	5	4	0	1	
10	21.92871654903931	-102.32410988203755	5	3	1	5	4	4	3	2	5	3	1	1	5	5	3	
11	21.920811883289655	-102.31739868248057	0	4	5	5	5	1	2	1	3	0	0	1	4	5	4	
12	21.937626041682076	-102.30991884917772	5	3	1	5	1	4	0	3	2	1	3	2	5	4	4	
13	21.93520294672409	-102.31334987344799	5	0	1	1	4	3	1	0	2	5	0	4	4	0	1	
14	21.934436678001976	-102.31939130911395	1	1	1	5	3	2	3	5	1	5	4	2	1	5	5	
15	21.851097078246216	-102.28650929175986	4	3	2	3	2	4	0	0	2	3	1	1	3	3	3	
16	21.85079664842763	-102.29256446626493	3	3	5	3	3	0	1	2	0	2	3	2	2	1	0	
17	21.86506530476736	-102.29108417400414	3	5	3	1	4	4	1	5	0	3	2	1	0	2	0	
18	21.845070324000403	-102.29332531850034	5	0	2	1	0	3	5	4	2	3	1	5	0	0	2	
19	21.85861449376552	-102.28460083102367	3	2	5	4	0	2	5	4	5	0	5	4	2	3	4	
20	21.86140072576812	-102.29877476444916	1	5	3	3	2	5	1	0	2	0	3	4	1	0	0	
21	21.845130015603043	-102.29699479097847	2	5	0	2	1	1	5	3	3	0	3	1	3	3	1	
22	21.854172365681507	-102.2903080408392	5	5	0	5	2	1	4	3	4	3	1	1	4	0	0	
23	21.842919631505094	-102.29894032641097	2	3	0	5	1	1	3	4	3	3	0	3	0	2	4	
24	21.87156009655375	-102.28816827165677	1	3	1	1	2	0	2	1	2	2	0	3	5	4	0	
25	21.877636915995524	-102.2844292998256	0	2	4	4	4	2	1	5	0	0	2	3	2	0	0	
26	21.875664288740637	-102.2909550371839	1	3	2	3	0	4	5	5	5	5	2	1	4	0	5	
27	21.87718762367522	-102.30263273467747	1	2	0	2	5	4	2	2	4	1	4	5	3	4	5	
28	21.87139590455743	-102.29935062564552	5	1	0	0	3	3	0	0	0	3	3	3	4	1	2	
29	21.872821388659915	-102.28682859169247	3	2	3	3	1	1	5	2	4	0	5	2	3	2	4	
30	21.89091784242326	-102.30326926306867	5	3	4	5	0	2	4	4	0	1	5	4	4	1	4	
31	21.890355057233183	-102.29229369643689	4	3	4	1	2	2	1	2	3	3	0	4	2	3	4	
32	21.873465481509456	-102.28814494092003	4	5	0	5	3	5	3	3	3	2	0	1	3	2	3	
33	21.891514200653152	-102.29558750935999	3	1	3	4	1	1	2	5	0	1	4	4	5	3	1	
34	21.880058646428257	-102.2904277280135	3	3	5	0	2	1	3	0	5	0	0	4	5	1	2	
35	21.86780969402428	-102.28896975080262	3	0	1	0	3	1	0	4	3	1	0	1	2	3	2	
36	21.871016426700624	-102.28478879635254	2	3	2	4	3	4	4	0	3	3	5	1	4	0	3	
37	21.88055421468686	-102.28499729559137	2	5	2	3	1	4	2	1	3	3	3	4	0	2	4	
38	21.870367883946706	-102.30089310655609	5	3	2	1	1	5	3	1	5	1	5	0	4	0	1	
39	21.87068178512425	-102.30095713843744	1	3	3	3	1	1	4	2	4	5	3	0	1	1	4	
40	21.876965893946878	-102.28796700312466	5	5	1	1	2	4	1	3	3	5	2	4	4	0	4	
41	21.88325268470299	-102.28760133828956	5	5	1	2	3	4	4	3	4	3	3	1	3	2	3	
42	21.90429251991768	-102.29958314998575	4	5	5	5	4	1	3	2	4	5	5	1	0	1	2	
43	21.898951450105038	-102.2888814486118	0	1	5	5	3	0	4	2	1	2	1	5	1	0	3	
44	21.896924510937335	-102.29715490491617	4	2	4	5	5	0	4	3	4	5	0	5	2	4	4	
45	21.89558642846853	-102.30435254505888	1	0	1	3	5	2	4	3	1	1	2	2	1	5	1	
46	21.916775282746308	-102.29155933970866	4	4	4	1	4	4	5	1	4	3	0	3	2	3	3	
47	21.914405014274596	-102.28617616867436	1	4	5	5	2	3	3	2	1	1	0	0	2	0	0	
48	21.899777753348793	-102.30433114227807	5	0	5	3	3	0	0	1	4	2	3	5	0	5	1	
49	21.915058085521267	-102.28901794342278	4	0	0	2	4	0	0	5	1	5	4	3	0	5	1	
50	21.902161646143735	-102.30110510497231	1	4	1	3	1	1	5	4	0	0	1	5	1	3	5	
51	21.904979526559643	-102.29639529214494	1	1	0	3	2	0	1	0	3	0	1	3	2	2	4	
52	21.89503497384538	-102.28939834439608	3	3	0	1	0	3	3	2	3	3	3	3	0	5	0	
53	21.89577333743679	-102.29662069606641	1	2	1	4	1	2	0	0	2	4	2	2	0	0	1	
54	21.90082607223047	-102.29594201816224	4	4	5	0	3	2	5	1	4	2	1	4	3	1	5	
55	21.89949508683875	-102.29191825055872	3	1	0	3	4	4	1	5	2	4	3	2	2	3	1	
56	21.896395573108446	-102.28568952020144	4	0	5	4	1	1	0	2	0	0	2	4	4	2	5	
57	21.90479904581397	-102.29213488658807	5	2	0	0	0	4	3	2	3	4	5	3	2	5	2	
58	21.89295340727623	-102.29766638443998	3	1	1	4	0	3	1	5	2	3	5	4	4	4	2	
59	21.898439474813287	-102.30199600100144	2	2	5	2	2	5	3	3	4	1	3	1	2	1	5	
60	21.90416621835477	-102.29794718920715	0	4	5	3	0	3	3	2	5	4	2	0	2	3	5	
61	21.89474312990387	-102.30516365520421	2	5	0	2	4	4	3	5	3	0	4	3	4	4	5	
62	21.904341800404328	-102.28486488435595	3	0	4	2	0	3	0	1	4	0	5	3	0	1	1	
63	21.895224546266384	-102.30381901012953	0	0	2	4	0	3	2	5	4	0	2	3	4	0	3	
64	21.895115890834294	-102.28600478595654	5	1	1	1	2	2	2	0	0	4	1	5	0	0	3	
65	21.898165418803146	-102.29667144637193	3	0	3	4	0	4	2	4	1	2	2	1	1	2	3	
66	21.934359818687067	-102.29355940439356	4	0	2	2	0	0	1	2	2	3	5	4	3	3	2	
67	21.920707505985245	-102.295611962042	4	5	3	0	4	0	3	0	0	4	0	3	1	5	3	
68	21.938859761962338	-102.2895050098733	0	1	5	1	0	4	4	4	0	3	5	1	5	5	3	
69	21.937446312354645	-102.29377293005071	5	0	0	0	4	4	4	2	1	0	2	3	1	1	0	
70	21.92929905245838	-102.2967659304353	4	4	3	4	0	1	4	4	0	0	2	4	5	4	2	
71	21.917710503078407	-102.28786807222943	4	1	4	3	4	1	2	1	2	5	3	1	2	1	4	
72	21.925344005353743	-102.28886432057504	4	2	3	5	0	0	2	1	0	2	0	5	4	5	1	
73	21.928507099825747	-102.29882649523432	4	5	4	0	5	1	3	2	4	2	4	2	0	1	2	
74	21.92633594093694	-102.28500305234004	0	5	4	5	4	1	5	5	4	5	1	1	1	1	3	
75	21.922250938586892	-102.30375036729332	0	4	3	3	2	2	0	3	3	4	4	2	5	4	4	
76	21.919814916592685	-102.3020116513143	0	0	3	4	4	5	5	3	2	1	2	0	4	4	3	
77	21.943069214136596	-102.29951319782796	5	1	1	2	0	0	5	5	5	5	5	2	3	1	1	
78	21.92233871424091	-102.28559640336675	3	0	3	0	5	0	2	5	5	4	3	4	2	2	3	
79	21.93743895604888	-102.30023742225696	4	1	3	5	3	2	1	4	5	4	1	0	4	3	0	
80	21.924685758180004	-102.29936494070847	3	0	1	3	4	2	3	5	2	1	3	1	5	5	4	
81	21.927887113165895	-102.29432992171024	1	1	2	5	2	4	1	5	2	2	2	1	1	3	4	
82	21.936251527056232	-102.28946869016642	5	0	1	0	5	3	4	3	0	5	3	5	2	1	4	
83	21.932037620175535	-102.29319389846992	2	1	2	5	3	1	1	3	3	3	3	0	0	1	1	
84	21.935006645398357	-102.29519250726005	3	5	5	3	1	4	5	0	0	3	0	3	5	5	0	
85	21.921886001163106	-102.29414656213135	2	3	3	5	2	4	2	1	0	4	2	3	5	3	2	
86	21.926231657403424	-102.289784561352	3	4	1	1	5	5	5	0	1	2	3	4	5	4	1	
87	21.92850641015336	-102.30557628740813	3	2	3	4	3	2	2	3	3	0	4	4	2	0	3	
88	21.923383508963767	-102.30493173921164	2	1	3	2	1	4	4	4	0	1	4	3	3	4	2	
89	21.935128620807273	-102.30109638660329	2	1	3	0	1	4	5	3	0	0	0	2	1	3	2	
90	21.921853574092854	-102.29033310870012	3	3	4	3	5	3	0	2	0	1	4	4	2	2	0	
91	21.93017792458389	-102.29524946379392	0	5	2	2	5	5	3	3	5	2	3	0	3	5	3	
92	21.92103337176402	-102.2994282163017	5	0	3	5	5	2	2	2	3	5	1	1	1	0	2	
93	21.9240496925078	-102.28789501883494	3	4	5	2	4	0	2	3	5	1	2	3	5	5	2	
94	21.925179739801678	-102.30341527204799	3	0	2	5	1	2	3	2	0	1	1	3	4	2	4	
95	21.94051650343636	-102.28643592054895	1	3	2	1	0	5	0	4	0	5	3	1	2	2	2	
96	21.855471700708694	-102.2687531853914	3	0	0	4	0	3	5	5	0	5	5	2	1	2	5	
97	21.8442489367674	-102.27281513792235	0	0	0	5	0	2	3	1	5	2	4	2	3	4	5	
98	21.85934600259437	-102.26239097654896	5	5	0	5	5	0	3	2	1	1	2	2	3	2	1	
99	21.841113260060304	-102.27628537568552	1	5	2	2	2	3	3	1	1	5	4	3	1	5	3	
100	21.841821043905735	-102.27319175105254	2	5	2	4	5	1	1	2	4	1	3	5	5	5	4	
101	21.862335161983424	-102.27345913227295	5	2	3	1	4	4	5	5	4	0	5	3	2	5	4	
102	21.854135422254522	-102.27026075979498	5	3	4	3	0	0	3	1	3	3	2	1	5	0	5	
103	21.87169024850744	-102.2810223542909	5	4	3	5	5	1	2	1	0	5	0	1	1	2	0	
104	21.866153617630065	-102.26484365095425	2	5	0	1	0	0	3	4	4	4	0	5	1	5	3	
105	21.88301489654452	-102.26890201522785	5	0	5	3	1	2	3	1	0	5	2	2	1	0	4	
106	21.8874552343089	-102.2769660618648	2	3	1	2	3	3	5	3	1	4	4	5	5	5	4	
107	21.88528661651096	-102.26203687565824	3	2	1	4	2	4	3	5	0	3	2	4	1	3	3	
108	21.88852976339909	-102.27075096308538	5	4	0	5	4	1	1	1	1	5	1	2	2	0	3	
109	21.86909876483351	-102.27702426244596	0	0	4	0	3	2	3	1	0	0	5	0	0	0	2	
110	21.88220972587515	-102.265445687808	3	3	3	4	4	5	2	0	3	5	5	4	5	0	4	
111	21.887661646612514	-102.26929225392531	5	5	1	3	4	4	5	1	0	4	0	0	1	0	5	
112	21.891452149010277	-102.28024410443646	0	4	3	3	5	3	4	3	4	2	3	2	0	2	2	
113	21.873884934678376	-102.28309428839424	5	2	5	5	5	0	1	1	3	4	1	4	0	3	1	
114	21.88928065225742	-102.27254920492261	0	4	5	1	5	3	3	1	0	2	3	2	4	2	5	
115	21.88915018492107	-102.27898405962137	3	4	4	0	2	5	3	1	5	0	2	0	2	5	1	
116	21.866120822752542	-102.26308726017574	2	0	2	4	1	4	1	1	2	1	2	2	4	5	3	
117	21.88635216766017	-102.2618206574093	0	3	5	4	2	0	4	3	3	5	3	5	1	2	4	
118	21.88455294410164	-102.27025835541369	5	1	5	0	2	2	2	2	4	4	0	2	1	0	2	
119	21.884998805360937	-102.26282428597571	3	1	4	0	3	5	3	5	5	3	0	2	1	3	0	
120	21.8914083284297	-102.275374259507	5	1	1	1	0	3	4	3	1	5	4	4	3	2	4	
121	21.878542282794434	-102.27132410792959	0	4	3	4	2	5	0	5	5	0	0	1	4	4	1	
122	21.871181114247648	-102.26251575518414	2	2	0	4	3	2	5	1	5	5	5	2	2	1	1	
123	21.88306184141344	-102.27329623715194	3	4	2	1	3	2	0	1	5	1	3	0	4	3	1	
124	21.8695934278981	-102.26222755691191	3	5	0	5	3	5	5	4	5	2	2	1	3	4	5	
125	21.888208379744636	-102.27851490093533	5	5	2	1	1	3	3	5	4	1	1	1	2	0	1	
126	21.880346465167847	-102.28367324163666	2	5	5	1	4	1	3	0	2	0	5	4	4	3	0	
127	21.91322364714618	-102.2741679643828	0	3	0	0	2	0	1	4	2	2	4	5	2	5	2	
128	21.909126353444716	-102.2687122911364	2	5	5	3	5	0	4	1	1	4	1	4	3	5	3	
129	21.895039472888566	-102.26524751846807	4	1	2	3	1	0	4	5	2	3	3	5	0	4	0	
130	21.90714258346595	-102.2645759816249	1	4	5	2	2	1	4	5	4	1	3	4	4	5	2	
131	21.899480441889853	-102.2650508200121	4	2	5	3	5	0	3	0	5	2	3	1	3	4	3	
132	21.899942469573553	-102.26398491457853	3	0	4	1	0	1	2	3	0	4	2	4	2	3	2	
133	21.905840354789785	-102.27851875735527	3	5	1	2	2	0	0	1	2	5	4	5	4	1	5	
134	21.89737958479485	-102.26408665038805	0	2	4	3	0	5	5	1	3	1	5	3	2	1	1	
135	21.915361099357284	-102.26343112067124	0	4	2	0	5	4	5	3	0	0	3	2	3	0	1	
136	21.900778275403642	-102.26170128895616	4	4	2	3	4	1	3	5	5	5	1	4	2	0	0	
137	21.912004833778138	-102.27871796543354	5	2	4	2	4	2	5	3	3	3	3	5	1	2	1	
138	21.915466388362685	-102.26783592686772	0	2	0	2	5	0	0	2	2	5	2	2	5	3	2	
139	21.89715920858263	-102.27386881712778	5	0	5	5	0	1	1	0	0	2	3	3	3	4	0	
140	21.908552791728802	-102.27015225641972	3	1	4	1	2	3	1	4	1	5	4	1	4	0	5	
141	21.91543766623676	-102.26520779059857	1	5	5	5	4	4	0	2	1	2	2	2	1	4	2	
142	21.92878963545897	-102.27239951744284	4	1	5	0	4	4	2	3	1	0	2	5	5	0	0	
143	21.922039047448685	-102.2755082582556	4	2	2	5	2	3	2	3	0	2	3	5	3	2	4	
144	21.924136666427547	-102.2732931063524	3	1	0	1	0	4	2	3	2	0	0	5	3	4	2	
145	21.926981818047768	-102.27938661345073	1	4	2	3	2	5	3	0	3	0	4	4	4	4	5	
146	21.942954468406402	-102.26314763214215	4	1	4	4	0	0	1	1	0	3	5	3	5	1	3	
147	21.93268164226187	-102.26263670348222	3	4	4	5	4	5	2	3	3	5	3	5	4	1	0	
148	21.928830229835906	-102.27084964155377	5	5	4	0	1	1	2	3	3	3	1	3	4	4	2	
149	21.924728620443954	-102.2796864686952	0	5	2	1	5	5	2	2	1	4	1	4	4	0	4	
150	21.931702050768425	-102.27606327655383	2	1	5	0	0	2	3	3	3	5	1	2	4	1	1	
151	21.941019239123516	-102.26222974532932	0	2	4	4	1	2	0	5	0	1	3	3	0	2	0	
152	21.93472953416244	-102.269473562885	3	5	0	4	0	3	4	0	5	0	5	2	5	5	4	
153	21.9423941082116	-102.2788337606173	1	2	0	4	2	0	2	0	2	2	5	2	4	2	4	
154	21.929893988314074	-102.2635390075043	5	5	1	5	2	3	5	3	1	1	0	0	4	2	0	
155	21.937452987826223	-102.26378451063002	2	3	1	5	5	4	2	4	4	0	4	3	4	2	4	
156	21.931724424738217	-102.26356394195086	5	5	2	4	2	4	4	4	1	3	4	5	3	5	4	
157	21.93409247840647	-102.26231905146534	2	0	3	4	5	4	1	3	4	2	0	5	4	1	3	
158	21.93164756138648	-102.28057084966673	4	0	1	2	5	1	3	2	5	2	1	1	2	1	1	
159	21.92157456111406	-102.27650958968448	4	1	3	0	1	4	0	0	3	4	0	4	5	4	0	
160	21.94308240270832	-102.2673430719177	4	0	3	2	4	5	4	1	2	5	1	1	2	3	3	
161	21.931537180525876	-102.28074864613787	1	4	0	3	4	2	0	1	2	2	3	4	4	1	5	
162	21.93674310043502	-102.2757008595146	1	2	2	1	3	4	0	1	2	3	1	5	4	4	1	
163	21.924103409958345	-102.27023607215862	5	4	3	2	2	5	0	2	3	2	4	3	1	0	5	
164	21.934455400515898	-102.26871755828789	5	2	0	0	4	4	1	4	3	1	3	3	2	3	0	
165	21.92889039542126	-102.2784600807073	1	5	5	4	2	4	3	4	4	5	0	5	2	5	4	
166	21.94031045176505	-102.28168339476446	5	4	2	4	3	3	0	1	4	2	3	3	2	3	3	
167	21.926410633699934	-102.27439806292176	0	5	0	4	0	0	3	1	1	3	5	0	1	5	5	
168	21.918658108586698	-102.27717423751338	1	2	2	4	2	3	5	2	3	4	3	4	4	5	3	
169	21.9226045249938	-102.27126733391772	0	1	0	1	2	0	2	3	1	4	0	1	1	4	3	
170	21.924028722288277	-102.2736138794092	2	4	1	2	5	5	0	5	3	3	1	2	3	3	1	
171	21.940334927316805	-102.27825042655108	0	4	1	5	1	2	0	4	1	5	3	1	2	4	3	
172	21.931337742776414	-102.28324334568701	2	3	3	3	3	1	4	5	5	5	4	2	3	4	3	
173	21.920401554789667	-102.28173323437538	4	3	3	3	2	1	1	0	1	1	2	0	2	4	3	
174	21.922101991350544	-102.26372128563989	3	4	2	4	5	5	1	0	4	2	2	4	3	3	5	
175	21.938048006533734	-102.27011063596264	1	0	1	0	3	0	4	2	3	4	4	5	4	1	5	
176	21.93783908018568	-102.26800918977884	1	5	5	3	1	1	2	4	2	3	2	3	3	2	1	
177	21.928263209937644	-102.2824798462824	0	5	1	1	2	3	1	4	1	0	5	1	4	4	4	
178	21.937182393436633	-102.2749479041014	4	3	5	4	5	2	3	4	4	4	4	4	2	4	0	
179	21.92423369213934	-102.2774282955135	0	4	2	1	1	5	2	0	4	3	4	1	3	1	0	
180	21.926301139003765	-102.27734981647234	2	4	2	0	3	0	3	5	1	0	1	2	4	3	0	
181	21.918416670720003	-102.28080182878335	2	5	0	4	0	5	5	4	4	3	1	1	1	4	2	
182	21.921726193315962	-102.27136612023864	5	1	3	1	2	5	4	2	3	3	3	0	4	3	3	
183	21.922185581229975	-102.26276267041666	3	1	0	1	4	4	3	1	3	5	1	0	4	5	0	
184	21.929680803806658	-102.26286869965523	5	4	3	3	5	1	4	4	5	4	3	0	5	3	4	
185	21.935625088389735	-102.28261636114408	1	0	2	0	1	2	1	4	5	3	4	4	4	0	5	
186	21.93034334761117	-102.27099139249755	0	0	3	4	5	0	5	4	0	5	0	1	0	0	3	
187	21.9239480098642	-102.26726281156992	2	1	5	5	3	5	3	1	4	3	3	0	4	3	4	
188	21.93099121660106	-102.26911964625954	2	2	2	3	5	4	1	3	3	4	1	1	3	3	5	
189	21.93836208708455	-102.27420832012842	2	4	1	3	4	5	1	1	3	4	1	1	2	5	0	
190	21.921076616600644	-102.28242943008064	2	1	3	1	1	5	1	3	3	5	1	5	1	5	2	
191	21.92229830402373	-102.28208640442999	0	2	1	2	5	2	3	5	2	0	0	4	5	1	1	
192	21.94080824292717	-102.2638082679486	3	2	5	0	4	4	2	0	2	2	2	1	2	3	1	
193	21.935501527403144	-102.26186125097429	2	2	3	3	0	1	4	0	5	4	2	3	3	4	4	
194	21.939874159664086	-102.2793265333625	2	5	2	4	2	5	2	0	1	4	4	1	0	5	2	
195	21.940176573945678	-102.27214137868316	3	0	2	5	1	1	3	5	3	1	4	3	2	3	4	
196	21.940022472227984	-102.26767644247927	3	0	4	5	1	5	4	0	3	0	2	2	0	3	5	
197	21.937621568176628	-102.28347003098605	1	2	2	0	2	0	5	2	3	4	0	4	1	4	4	
198	21.921088801201325	-102.28363401587002	0	3	1	4	1	4	2	2	3	4	1	0	2	1	1	
199	21.939063870497435	-102.26643501553707	4	1	5	4	2	0	5	0	5	1	4	1	4	5	1	
200	21.932080238428416	-102.26726898896563	1	0	2	5	2	4	4	1	4	3	1	3	2	5	3	
201	21.92980071904152	-102.2698520117574	2	3	2	5	0	0	3	4	4	5	3	3	1	5	1	
202	21.859039292167417	-102.25643442831174	3	0	0	0	2	4	4	5	2	4	0	3	1	1	2	
203	21.849183389498847	-102.25839176064623	5	1	4	4	0	2	0	2	5	2	3	0	5	4	3	
204	21.86126523696073	-102.25927902544468	0	1	4	2	3	2	3	5	3	2	1	5	5	0	0	
205	21.864127383445236	-102.24707067766076	3	3	4	3	3	0	1	2	2	1	5	0	2	1	2	
206	21.862354669556193	-102.24767035741124	2	3	3	2	2	5	1	5	4	5	0	5	1	0	3	
207	21.844304503101725	-102.2550807410134	1	2	0	1	5	0	2	4	2	3	0	3	4	1	5	
208	21.85103875541276	-102.25722685418744	4	0	1	0	2	0	3	5	4	4	4	1	3	4	0	
209	21.864047021931587	-102.25961785097384	3	5	1	0	3	3	2	2	0	0	2	5	2	0	5	
210	21.85050953199833	-102.23981199125768	1	4	2	1	4	5	4	1	0	0	0	4	2	4	2	
211	21.853534595024737	-102.24006826691999	2	5	4	5	4	4	5	1	2	4	5	1	3	1	0	
212	21.84448489404302	-102.25662013583572	4	4	1	1	1	3	5	3	2	4	2	5	5	4	0	
213	21.84137847189109	-102.2593648813774	0	2	5	4	3	5	5	1	1	4	4	4	4	3	5	
214	21.85951375677683	-102.25151707385133	2	3	1	3	3	0	0	4	2	2	2	1	0	1	0	
215	21.848816280502778	-102.25064687525314	0	3	3	0	1	4	3	1	5	1	5	0	2	0	5	
216	21.850325168645732	-102.25314210528477	2	3	5	4	1	1	4	5	0	3	0	4	3	5	4	
217	21.87847384402739	-102.25105830396733	1	5	3	5	2	0	2	2	1	5	4	4	3	4	5	
218	21.878148295590652	-102.24096442436141	1	2	0	4	3	0	5	5	2	1	0	4	5	3	1	
219	21.876752798788466	-102.25282693230568	2	0	5	5	3	3	1	5	5	1	5	0	0	4	2	
220	21.879896467482574	-102.25373104914232	3	5	2	1	2	4	3	5	3	2	4	3	5	4	2	
221	21.884323209342956	-102.25926988905672	5	4	1	2	1	4	4	4	4	5	0	1	2	5	5	
222	21.873925028044955	-102.25126255682567	5	4	2	4	2	5	0	2	5	1	0	1	1	2	3	
223	21.880565693432036	-102.25667380513512	4	2	2	2	3	4	1	3	1	2	0	1	3	4	3	
224	21.88260414572698	-102.23997048578018	1	2	2	0	3	4	0	5	1	1	0	3	2	3	3	
225	21.884800064426795	-102.26121942967475	4	3	2	0	0	2	2	4	1	4	3	0	4	0	5	
226	21.89163876529835	-102.24064506272775	3	3	5	0	2	3	3	4	3	5	0	3	2	5	0	
227	21.86922445698981	-102.25599081203157	0	0	3	3	1	5	5	2	5	1	1	3	5	4	5	
228	21.88202681887713	-102.2565313143852	2	5	4	0	3	0	1	5	2	0	3	1	4	0	0	
229	21.88748841456891	-102.24052193777611	2	3	0	0	2	4	2	0	3	2	0	5	4	5	0	
230	21.887632897397644	-102.25270357200449	3	2	2	0	3	2	4	1	4	3	0	5	5	0	3	
231	21.874403156519648	-102.2393923104094	1	3	0	0	4	4	2	2	5	4	3	3	3	2	3	
232	21.905046242169416	-102.25455552164767	1	5	1	3	5	4	4	1	2	5	5	3	5	3	1	
233	21.914953502470865	-102.25898233180504	2	5	5	0	1	5	4	5	2	5	0	1	3	5	5	
234	21.898350166504052	-102.24888797027553	5	4	4	5	1	2	2	3	2	5	5	3	0	1	0	
235	21.898310995949807	-102.25998293849793	2	1	1	2	2	2	4	2	1	5	3	3	3	1	4	
236	21.89637104658133	-102.2393524039556	3	4	5	1	0	3	3	0	0	5	0	0	5	3	4	
237	21.90443400798798	-102.25304987303119	0	2	2	4	0	1	5	5	0	4	3	1	3	2	4	
238	21.916363046827318	-102.2438131167036	0	4	0	0	0	5	2	2	5	2	0	3	1	2	0	
239	21.913802107014973	-102.24955427354166	5	2	3	4	3	3	5	2	4	0	0	4	2	3	4	
240	21.89656784581349	-102.25590842560985	2	5	2	0	0	4	3	4	0	1	5	3	5	2	4	
241	21.90790866518113	-102.24092494295564	5	1	1	3	1	1	4	2	3	0	2	4	0	2	2	
242	21.91142009924574	-102.24340050449322	2	5	5	1	1	1	1	1	3	1	1	2	0	3	2	
243	21.901759791632223	-102.25776680666671	3	1	2	2	0	1	1	2	0	5	0	0	4	2	0	
244	21.89307024147085	-102.24833245898465	1	1	5	2	2	0	2	4	1	1	2	5	5	0	0	
245	21.91323054205025	-102.25652454674737	0	3	2	2	0	3	5	1	0	0	0	0	0	0	0	
246	21.897671857908247	-102.25504018059388	0	3	4	1	1	2	4	1	1	4	4	3	1	2	3	
247	21.896513855042894	-102.25859515890387	0	4	4	3	2	1	2	2	4	2	5	1	2	1	4	
248	21.913854322162123	-102.25753252462029	2	5	5	2	3	2	4	0	5	1	4	4	1	0	5	
249	21.89550801832109	-102.2591796444871	0	0	3	4	2	5	2	3	2	5	1	4	1	1	0	
250	21.893067886958818	-102.25490429262082	0	3	1	3	0	1	5	4	4	3	1	4	0	2	2	
251	21.908274782727194	-102.25655231986616	4	1	2	3	1	1	1	0	5	4	4	3	4	0	0	
252	21.899473428493888	-102.24221575094757	0	1	4	4	3	3	2	0	0	4	0	5	5	0	2	
253	21.899633433277344	-102.24211859607165	2	5	5	2	1	5	5	1	3	0	5	0	2	3	0	
254	21.9161236427723	-102.2521005197741	5	0	0	1	1	1	0	2	1	3	4	1	1	4	2	
255	21.904458424135345	-102.25983320600717	0	2	5	0	5	4	1	4	3	0	1	0	5	3	1	
256	21.93884330614386	-102.2440051015588	0	5	4	1	0	3	1	2	0	4	2	0	4	1	2	
257	21.922964550757808	-102.25015695693631	3	4	5	2	5	3	0	3	0	1	2	2	4	3	2	
258	21.92683622946065	-102.25640752196166	5	4	1	1	2	3	0	2	1	4	5	3	1	0	5	
259	21.91945440148531	-102.25840230977805	0	5	2	1	5	4	4	2	5	0	3	1	0	3	1	
260	21.942299047155807	-102.24511704018681	5	2	0	5	3	4	0	5	3	0	4	4	3	0	5	
261	21.938248811434025	-102.25334910691639	1	4	5	3	5	5	5	5	4	0	2	2	4	0	0	
262	21.9242615478525	-102.25259105976188	2	0	2	4	0	0	0	3	1	5	4	1	4	3	2	
263	21.9409694099806	-102.24218311879038	4	1	0	3	5	3	5	0	3	0	5	4	1	3	5	
264	21.919117235787276	-102.26063385319561	1	1	0	5	0	2	3	5	0	2	2	0	4	4	0	
265	21.934217151679462	-102.25083650077738	3	0	4	2	2	0	2	3	3	3	5	2	2	0	0	
266	21.935923150299814	-102.23916174207656	3	3	2	4	4	0	1	5	2	5	0	5	3	4	1	
267	21.933311201021276	-102.24409752899895	5	0	3	3	3	4	4	2	5	3	2	5	2	3	2	
268	21.927813283567637	-102.25591344426545	0	1	2	2	5	3	3	3	1	1	1	1	5	5	5	
269	21.94078174019166	-102.25433698280412	5	5	1	0	4	3	1	0	4	0	1	4	4	2	1	
270	21.921321554608387	-102.25570361859299	1	1	0	0	3	5	1	2	4	0	3	2	2	4	1	
271	21.93958097154026	-102.24470235785385	2	0	4	2	0	4	2	1	0	5	2	4	3	4	5	
272	21.92245522448093	-102.25170847850154	1	3	4	3	5	5	5	5	0	5	5	1	1	3	3	
273	21.93519310257875	-102.24950876594515	4	3	2	3	4	2	5	1	4	1	2	3	0	3	3	
274	21.938483350369136	-102.25767928025914	4	2	2	3	5	3	4	1	3	4	0	4	4	3	1	
275	21.92910355745369	-102.26015011783457	4	1	5	0	1	5	0	5	3	3	4	2	0	0	2	
276	21.918454299818528	-102.25732520493735	1	1	5	5	3	5	4	5	4	1	3	3	2	4	0	
277	21.919116083907596	-102.24416248171913	1	5	4	5	4	4	1	2	0	1	2	5	4	1	2	
278	21.942673957342144	-102.259540686949	0	1	5	2	4	0	1	4	2	3	1	5	5	0	0	
279	21.935729427866303	-102.24380163013775	1	0	2	0	4	0	2	5	3	0	2	4	2	4	2	
280	21.923003917579315	-102.25747170061858	2	3	1	5	3	0	0	1	2	5	2	0	3	5	5	
281	21.940752614602133	-102.2500058224838	0	4	2	0	0	1	3	3	0	4	1	1	2	4	4	
282	21.939926505825007	-102.23994258500775	1	4	4	5	3	5	2	2	2	3	4	2	2	0	3	
283	21.92519733584091	-102.2430428793875	4	3	5	0	5	3	0	3	5	0	2	0	1	1	3	
284	21.942134553746243	-102.25396050567399	4	4	3	4	4	3	1	0	0	1	4	1	3	5	1	
285	21.941241462640626	-102.25424547271292	5	3	2	1	5	4	3	2	2	3	3	1	4	0	2	
286	21.942151628617296	-102.2417960507241	5	3	5	3	3	1	1	1	2	5	0	3	1	1	5	
287	21.937677340902173	-102.26101254774254	0	5	3	3	2	4	0	5	4	1	1	0	3	5	1	
288	21.929276592300283	-102.25020215226031	0	3	3	2	0	4	3	1	4	5	3	1	1	5	0	
289	21.93032357875679	-102.25192975411227	5	3	4	4	5	1	2	4	3	2	0	2	3	2	2	
290	21.938702699801322	-102.24879350492708	4	2	2	0	4	1	3	2	5	0	3	5	2	5	2	
291	21.942917308888873	-102.25376163628282	5	3	4	5	0	2	4	0	4	5	4	4	2	4	0	
292	21.937163800841226	-102.25148426600042	2	0	0	3	0	2	1	1	0	0	3	5	0	3	0	
293	21.930634772796857	-102.24322982290978	0	5	0	2	2	5	2	1	5	4	2	1	2	2	1	
294	21.933432449713635	-102.24291900835942	2	5	5	5	4	5	3	2	4	2	4	3	3	0	4	
295	21.937879450024422	-102.24491222920894	4	2	5	1	0	1	5	1	1	3	2	2	1	3	1	
296	21.938055863174792	-102.25188705854478	1	2	2	0	4	4	2	5	1	2	4	3	4	1	5	
297	21.918854513969627	-102.24950081314321	3	4	0	0	5	1	2	0	3	5	2	2	0	0	1	
298	21.917883186251554	-102.2551651749697	1	2	4	0	1	5	5	4	0	0	2	4	1	1	4	
299	21.936445607337937	-102.24319467645583	1	1	3	0	5	1	1	2	1	1	4	2	3	2	3	
300	21.932964542505744	-102.24626704100172	3	1	0	2	5	5	1	1	0	3	5	1	0	3	5	
