ID 	 X_COORD		 Y_COORD		 F1	F2	F3	F4	F5	F6	F7	F8	F9	F10	F11	F12	F13	F14	F15	
1	21.841786972149382	-102.31311737738253	0	3	5	4	4	1	3	0	3	5	1	5	2	5	0	
2	21.881926692826084	-102.30882539264964	5	5	1	3	2	5	4	1	4	3	1	5	0	3	3	
3	21.89020157855076	-102.32055416146432	3	2	2	3	3	3	0	0	4	5	5	1	0	1	1	
4	21.904821020017938	-102.31033257723212	0	5	3	3	5	4	1	4	5	5	2	0	1	0	2	
5	21.930288858564193	-102.3229227731796	2	0	2	0	1	2	3	5	1	0	1	2	2	0	1	
6	21.92521688892312	-102.30798060850171	5	5	5	0	0	5	4	5	2	1	3	2	4	1	3	
7	21.924105692578237	-102.32072625149291	5	1	4	4	4	0	2	4	1	5	3	2	0	5	3	
8	21.925941358192304	-102.32163527056454	4	2	1	4	3	2	2	5	0	2	1	4	0	2	0	
9	21.92721510543556	-102.31723133738053	5	2	3	1	4	5	2	5	1	3	1	4	3	2	5	
10	21.92863798537183	-102.32128096445508	5	3	0	4	0	5	3	2	2	2	2	2	0	4	0	
11	21.84155526656577	-102.29270916884964	5	1	0	5	3	0	5	3	0	3	3	1	4	4	5	
12	21.849082341145603	-102.30482154972832	3	5	2	1	1	2	0	2	1	2	4	5	0	4	3	
13	21.8648894878307	-102.29513000442715	5	0	0	2	2	3	1	3	2	3	4	2	1	0	5	
14	21.8638387082716	-102.2923829357871	3	3	5	2	3	5	4	1	1	4	3	5	0	5	3	
15	21.84521237388392	-102.2875494156762	5	4	3	1	2	3	5	2	0	2	2	4	4	0	4	
16	21.85259312171529	-102.28636753236471	4	3	1	2	5	4	0	2	5	4	4	4	2	4	0	
17	21.868103218933676	-102.29999310484004	4	4	5	0	0	0	4	1	4	0	0	1	4	2	1	
18	21.877541411889407	-102.30109894960897	2	0	2	4	5	1	1	0	5	4	5	0	1	0	0	
19	21.88600055445247	-102.2922079483218	3	3	5	2	4	1	3	2	3	0	0	0	2	1	1	
20	21.87235179172513	-102.28829343456738	0	5	1	1	1	3	3	5	0	0	4	2	2	5	2	
21	21.885402782552468	-102.30506006265182	1	1	4	1	4	0	2	1	1	2	3	1	5	2	0	
22	21.87128278890067	-102.28460112469016	0	4	5	1	4	4	4	3	5	1	0	2	3	4	0	
23	21.86743024371406	-102.28834540106948	2	3	5	5	5	3	5	2	4	4	5	4	3	1	3	
24	21.86897786361479	-102.28864013372295	3	4	4	2	2	4	5	3	1	0	2	3	2	2	5	
25	21.869421817139013	-102.29896024919036	4	5	3	0	2	4	5	2	5	1	3	4	5	3	0	
26	21.87963941707325	-102.29466332228516	1	2	5	3	1	2	0	3	1	5	3	0	5	1	3	
27	21.875867074366138	-102.30038160081749	3	5	4	0	5	2	2	1	0	2	3	4	4	1	5	
28	21.88275380560417	-102.28680557587322	0	1	0	3	2	1	3	2	4	2	4	2	3	1	2	
29	21.914704617169523	-102.29460591770584	1	0	5	2	5	1	5	5	0	0	3	5	0	5	4	
30	21.90580834862589	-102.30319847236609	3	0	0	0	4	4	3	1	2	3	5	1	4	5	4	
31	21.901490067621	-102.30129827535661	2	1	2	4	0	4	5	0	0	5	5	1	0	0	3	
32	21.90590950915697	-102.28693700685974	4	5	0	0	1	5	4	0	0	0	1	2	5	5	4	
33	21.90839291270475	-102.28797867646958	1	4	5	4	4	5	5	3	1	4	5	5	1	5	2	
34	21.90112681714047	-102.30351683568378	2	4	5	4	5	4	0	5	1	2	3	5	5	0	5	
35	21.90468531568297	-102.30585281626365	1	5	2	0	2	1	2	4	1	1	2	3	5	3	2	
36	21.905206211608068	-102.29056365098407	2	0	3	3	3	0	3	3	4	1	3	3	3	3	4	
37	21.908234585627298	-102.2963780242956	4	5	1	4	1	5	2	4	2	1	0	4	0	5	2	
38	21.917108727796528	-102.2907456505677	2	3	0	3	4	1	0	5	2	3	1	0	1	0	0	
39	21.899387983875155	-102.28844523630714	3	3	1	0	0	2	2	1	4	1	1	2	3	4	5	
40	21.90453877575726	-102.29097277651995	1	5	0	4	3	4	3	2	5	3	2	5	4	3	4	
41	21.915892369780618	-102.29368854191532	2	4	1	0	3	5	2	3	5	1	5	4	4	0	5	
42	21.903240550407027	-102.29779093651996	2	4	5	1	0	4	2	1	4	2	3	5	5	4	5	
43	21.914871153866024	-102.30452377127683	2	5	3	2	2	0	0	1	1	4	0	0	2	4	3	
44	21.902246768678513	-102.30298237807061	3	3	2	3	1	4	1	4	4	4	0	1	5	1	2	
45	21.93445989704876	-102.30386162261584	2	0	4	5	4	4	1	3	4	3	1	1	3	4	0	
46	21.93350473789735	-102.29650178607447	1	0	4	0	3	5	2	1	1	0	0	4	5	3	4	
47	21.94100828563289	-102.30468607694132	2	2	2	1	5	4	5	3	1	4	2	2	0	1	4	
48	21.926735518528666	-102.29034503018603	2	4	2	3	1	3	0	2	3	2	3	5	5	0	1	
49	21.939045877099343	-102.30537977674051	1	0	5	1	1	1	4	5	0	0	0	1	3	2	4	
50	21.934510450329945	-102.28841859916422	0	1	3	0	0	5	3	5	0	0	2	5	4	5	5	
51	21.93636815341793	-102.29368571913952	0	3	4	5	1	2	1	4	4	2	2	0	4	1	4	
52	21.94158631745383	-102.29932737379367	5	3	5	0	2	3	0	1	4	4	4	1	1	2	4	
53	21.933567869936923	-102.3005432186978	1	3	1	5	3	3	5	0	0	3	4	1	0	4	3	
54	21.918990268583748	-102.2913215288652	4	0	3	4	1	4	1	0	0	1	4	2	0	4	4	
55	21.936156427303843	-102.29320362744264	4	0	0	0	5	3	5	4	5	3	5	5	1	3	5	
56	21.929075964797224	-102.28721943698272	2	2	5	3	0	2	2	4	5	2	2	5	5	0	4	
57	21.92318539265535	-102.2954606814289	0	4	3	2	0	3	2	4	5	4	2	3	1	2	3	
58	21.929668392573525	-102.28978716006073	5	0	0	3	0	5	4	4	0	5	3	5	0	3	4	
59	21.924821681690325	-102.28494604477127	3	1	3	0	3	3	4	3	2	2	2	5	5	4	4	
60	21.924688155663638	-102.28939262665344	2	0	4	2	2	3	1	0	5	2	0	3	4	3	1	
61	21.936828710252538	-102.30570206999843	1	0	0	0	1	3	0	0	4	1	0	3	2	5	1	
62	21.918980758829253	-102.28411144862002	2	2	4	1	2	4	2	0	0	3	0	2	3	3	5	
63	21.932146716137755	-102.29247410065248	5	1	0	4	1	5	2	0	0	4	0	4	3	3	0	
64	21.93282401827328	-102.28909207921544	5	1	1	5	5	5	1	4	0	0	4	2	4	3	1	
65	21.843997672538347	-102.27312341532341	1	1	5	2	2	1	2	3	0	4	4	0	5	1	1	
66	21.840599413335404	-102.2784117028733	5	1	0	4	4	4	2	5	3	1	1	5	4	2	1	
67	21.845699206883427	-102.28166348817616	2	1	2	1	0	5	1	3	2	3	5	4	2	5	4	
68	21.843647793958933	-102.2720822765722	0	4	5	3	4	1	0	3	4	1	2	3	5	3	2	
69	21.860042796870232	-102.26629555061967	0	4	5	1	4	3	2	2	5	0	1	2	4	2	2	
70	21.87165229320829	-102.26176557419967	4	3	3	0	4	0	3	5	5	2	5	3	5	0	0	
71	21.872856621328147	-102.27693178255414	2	5	5	0	1	4	0	4	5	0	1	2	5	4	0	
72	21.87668851510401	-102.26587281790654	1	1	2	0	0	2	1	2	4	5	5	3	0	4	5	
73	21.867642001191474	-102.2662239886839	0	3	0	4	3	5	2	5	5	2	5	0	0	3	0	
74	21.890436406119694	-102.27914774145164	1	3	1	4	5	4	2	5	2	4	0	5	1	5	5	
75	21.872106758283355	-102.27584902087924	4	3	1	0	4	1	1	1	2	4	5	5	5	0	4	
76	21.889778512631466	-102.27173791389895	0	0	5	3	4	3	4	5	0	5	5	4	1	3	3	
77	21.887332769406814	-102.2683966995378	1	5	4	0	5	4	1	3	2	1	4	3	0	4	0	
78	21.87222681837181	-102.26382713340867	0	4	2	5	0	1	0	2	2	5	2	4	2	0	3	
79	21.868674541908618	-102.27717797513995	2	4	3	0	2	2	3	1	5	2	4	4	4	2	5	
80	21.8801186197932	-102.27533271729042	3	5	3	3	5	3	3	1	2	3	1	0	2	3	1	
81	21.889539820021366	-102.27593608148	5	0	4	1	0	2	0	1	1	0	3	4	4	1	3	
82	21.86796645356061	-102.26906547477908	1	2	2	2	3	4	4	3	5	0	2	2	3	5	5	
83	21.890919029097887	-102.26231591389273	3	0	0	4	4	4	1	2	0	2	2	4	2	1	3	
84	21.887883307616573	-102.27674295969705	3	1	0	1	3	1	1	2	2	5	1	3	3	2	4	
85	21.8693483819392	-102.27797969486004	5	0	0	2	3	1	2	4	4	5	1	0	4	3	2	
86	21.910373931333208	-102.26491824226336	1	3	5	2	2	5	5	0	1	1	1	2	0	3	2	
87	21.892998511894223	-102.2746456498435	5	3	3	3	4	3	0	5	3	1	0	1	1	2	4	
88	21.91749942534759	-102.27804450082972	2	1	4	2	0	2	5	3	1	3	1	5	2	4	1	
89	21.908556548517755	-102.2762964301899	1	0	5	4	2	1	0	3	3	1	3	2	5	3	0	
90	21.913075916240317	-102.28201917789572	0	2	4	4	5	0	2	0	5	3	1	1	4	5	5	
91	21.91618803454584	-102.26610343407035	1	1	3	1	0	2	3	2	4	2	4	0	1	5	5	
92	21.89492104476712	-102.27502686583382	0	0	0	0	3	3	1	5	5	2	2	3	4	3	2	
93	21.90655338407106	-102.2697934079404	2	4	4	2	5	5	2	5	4	1	2	5	1	0	3	
94	21.892707946945777	-102.28290489351555	1	0	3	3	4	2	3	0	1	5	5	0	1	1	5	
95	21.917112984014132	-102.26311990840333	5	2	3	3	3	2	5	5	4	2	5	2	2	5	4	
96	21.929370532749388	-102.28049644783934	3	3	2	5	2	4	0	3	1	0	2	0	4	1	0	
97	21.93668577109227	-102.26937231457418	0	2	2	3	5	4	2	0	3	3	3	1	3	3	2	
98	21.92390429685782	-102.27196720940033	2	1	2	1	2	1	0	2	1	3	3	5	5	3	4	
99	21.933743149427247	-102.28310321414516	0	0	3	2	3	0	5	0	4	5	0	3	2	5	5	
100	21.921315972172746	-102.27903708772105	5	4	0	4	3	4	2	2	3	5	1	4	1	2	3	
101	21.936327941501986	-102.26170495831246	3	2	5	5	3	0	5	4	2	5	2	1	5	5	0	
102	21.929600249266223	-102.27348638739282	3	0	2	0	2	2	1	3	5	1	4	1	5	0	2	
103	21.934449342763987	-102.27962359360139	1	1	1	3	2	4	5	3	1	5	5	0	2	2	2	
104	21.921511347412796	-102.26736520363806	1	5	2	2	1	2	0	5	4	1	0	0	0	3	3	
105	21.923859620426693	-102.26337410469343	3	4	5	1	4	0	0	4	4	1	1	3	2	3	4	
106	21.937448115819105	-102.27691630678363	5	0	2	4	2	4	3	5	1	0	1	2	2	4	5	
107	21.933563226139633	-102.26643670045947	1	1	3	5	3	1	3	1	4	1	3	0	2	3	1	
108	21.93787471911069	-102.27947634017335	3	2	2	4	5	2	1	2	5	1	1	1	0	5	4	
109	21.917593169793157	-102.26289606957359	5	2	1	3	4	3	3	0	4	2	4	0	3	0	4	
110	21.9413057244519	-102.26998006995352	1	4	3	1	4	2	4	1	4	0	1	5	3	1	1	
111	21.925570713376224	-102.27755787719865	2	1	1	4	1	5	1	0	1	5	0	4	4	5	0	
112	21.918793727331025	-102.26692992709783	2	1	3	5	0	2	2	3	3	1	4	1	3	0	5	
113	21.94032236699362	-102.28142952062326	5	3	1	5	3	3	3	3	0	5	1	1	3	1	0	
114	21.921375208552842	-102.26331057118958	4	4	5	3	1	2	4	5	2	3	3	5	2	0	1	
115	21.933037273008	-102.28293743005909	5	0	4	2	3	2	3	1	5	1	0	3	0	4	1	
116	21.934341715384484	-102.27292310354169	5	2	5	3	3	2	0	0	2	0	2	3	1	1	3	
117	21.925439025008348	-102.2817145250559	1	2	3	1	4	2	3	2	1	5	1	4	2	2	2	
118	21.924188399724457	-102.26557273316112	0	2	2	5	5	2	1	2	5	5	0	3	1	4	3	
119	21.92566749582446	-102.26603083988698	0	5	4	5	5	4	4	3	1	5	4	1	5	0	3	
120	21.937726708548748	-102.26192814772918	0	3	5	0	5	3	1	0	5	1	3	2	3	0	0	
121	21.936336543906148	-102.27448308991191	4	3	2	2	0	3	1	4	4	0	5	0	1	2	0	
122	21.929372766473954	-102.26158682958703	2	2	5	4	1	5	1	0	4	4	5	3	4	0	1	
123	21.923254305920096	-102.28212868449764	1	1	0	3	0	1	3	5	3	1	4	5	5	4	1	
124	21.932524320776597	-102.27857158988772	4	0	3	0	1	2	5	4	1	2	0	3	0	5	2	
125	21.92874399780622	-102.27322398217964	4	3	1	3	0	2	5	0	3	0	3	2	2	3	1	
126	21.920734283627233	-102.28238321049679	0	0	2	4	5	5	2	3	3	0	2	5	3	0	1	
127	21.9365536434678	-102.28388039000947	1	3	2	2	2	2	3	5	3	2	2	1	5	4	1	
128	21.92573036546998	-102.27542993138043	5	1	4	0	4	0	0	0	1	1	1	1	4	4	4	
129	21.937672911447237	-102.27715224504146	3	5	4	4	5	1	3	1	4	2	3	3	5	2	2	
130	21.936582178752218	-102.26673997316514	5	0	5	5	0	3	4	5	0	4	5	1	1	0	1	
131	21.919702225657755	-102.26725981321614	4	1	5	4	1	5	0	0	2	2	4	2	0	1	3	
132	21.931996346326464	-102.26955513618466	1	1	1	3	0	0	0	2	0	2	2	0	2	1	1	
133	21.938119693039553	-102.28252240021688	1	0	3	5	0	4	4	4	1	3	3	5	0	2	2	
134	21.923249364892065	-102.27472496326499	1	2	5	5	3	4	3	3	5	0	4	4	4	2	3	
135	21.933986519805995	-102.2763873069331	4	5	3	4	2	5	5	1	5	5	5	4	0	2	2	
136	21.855400544057414	-102.25552334356877	5	0	0	5	1	5	2	0	5	4	5	1	1	3	5	
137	21.845673523420047	-102.24836457524222	1	5	5	0	2	4	1	4	1	2	2	1	0	5	0	
138	21.8407895107284	-102.24580176545317	2	0	3	3	1	2	4	5	4	5	0	3	2	1	2	
139	21.862709784174253	-102.24699819585159	0	3	5	1	3	3	2	3	4	1	5	1	3	2	4	
140	21.858176579307575	-102.23958903770547	5	0	0	3	2	1	3	4	2	2	3	3	3	5	4	
141	21.84018414579153	-102.2420165144386	0	3	2	2	0	0	5	1	4	0	0	3	5	0	2	
142	21.862809902566234	-102.25045683261042	1	1	2	4	1	1	1	3	4	1	4	2	1	3	0	
143	21.843151375472882	-102.24945492631512	3	0	5	5	3	2	5	3	4	1	0	5	5	5	2	
144	21.841303073251794	-102.25556136279954	2	0	3	1	5	1	2	5	5	2	3	4	4	2	2	
145	21.860389279527773	-102.25418058197592	2	1	5	4	5	5	3	2	0	3	5	4	4	5	3	
146	21.867737855165867	-102.25991262606607	5	1	3	5	3	4	2	3	3	2	5	0	4	3	1	
147	21.876200576297087	-102.24199333964133	4	4	5	0	0	1	2	1	4	0	3	1	3	3	1	
148	21.881305665608828	-102.2468532455853	5	5	2	1	4	5	3	1	3	5	3	5	2	5	3	
149	21.867074010597694	-102.24708013013382	3	4	5	0	5	4	5	0	4	3	1	5	2	5	0	
150	21.87207107119082	-102.24310197900024	1	0	1	2	2	0	0	3	4	4	1	2	1	3	3	
151	21.884619976902336	-102.25674638900794	2	3	4	1	2	3	5	5	3	3	3	1	4	5	2	
152	21.885805356070247	-102.24454829545063	0	2	0	1	3	2	4	4	0	4	5	2	5	5	1	
153	21.871456293659143	-102.25820760380053	1	3	3	3	4	4	2	4	0	3	5	5	1	1	3	
154	21.88993828629616	-102.25958394634362	1	2	5	0	2	3	5	1	0	3	3	3	1	5	0	
155	21.90083992312597	-102.26068344825397	4	4	2	1	5	2	4	2	5	0	2	2	1	0	0	
156	21.9028346133134	-102.24744320968787	4	3	0	4	3	0	4	2	5	0	3	4	4	3	0	
157	21.90894864575477	-102.2586900016784	4	5	3	2	3	5	5	0	4	3	5	4	1	5	0	
158	21.905846063486752	-102.24829951670209	0	2	2	2	3	4	5	5	0	0	4	0	4	3	4	
159	21.892638812915923	-102.25454841254509	5	2	5	0	0	1	0	4	0	4	3	5	5	1	4	
160	21.904278944590168	-102.24906468083555	2	1	1	1	3	5	2	3	4	0	0	4	2	2	4	
161	21.895227850612546	-102.24994571241238	1	2	0	4	1	3	4	4	1	2	4	2	0	3	4	
162	21.901244387853247	-102.26147620043864	4	0	5	4	0	5	5	3	2	4	2	5	5	2	4	
163	21.912473017744812	-102.25436610747352	1	0	3	1	0	2	2	1	4	5	0	4	4	2	2	
164	21.90178576181216	-102.25647748425186	4	4	3	5	0	1	4	0	3	2	3	2	3	1	0	
165	21.914695087756368	-102.25531817538938	0	1	4	3	0	5	1	2	0	5	4	1	2	5	2	
166	21.907670198947493	-102.24079962646232	5	0	0	0	0	3	4	2	1	0	2	1	5	5	1	
167	21.905141969880663	-102.24500694416164	3	1	4	1	3	4	5	3	5	4	0	3	2	4	4	
168	21.901446439609966	-102.24085585419277	3	2	3	1	2	2	0	4	3	4	4	2	1	5	1	
169	21.903704004526592	-102.2468632902446	4	1	5	2	2	0	0	5	3	4	0	3	0	3	5	
170	21.904833260773326	-102.25153371321012	4	3	2	3	0	1	4	4	5	5	3	4	5	5	1	
171	21.941913178594696	-102.24976031181961	4	1	4	0	0	2	4	0	4	0	3	3	3	3	3	
172	21.93403209214492	-102.2398224872297	4	4	5	3	0	0	4	1	1	4	1	5	4	4	3	
173	21.925456596471946	-102.25828293420318	5	4	3	2	3	2	2	2	4	3	0	5	3	5	0	
174	21.930903762499057	-102.2539499234701	1	5	2	1	4	4	4	2	5	1	1	0	0	3	1	
175	21.931330685677647	-102.2569407875204	1	5	5	1	5	0	3	0	1	3	0	0	4	0	0	
176	21.935848850787014	-102.2515956129083	3	1	2	3	0	5	5	1	2	3	3	0	1	5	4	
177	21.91944799917317	-102.2397660548514	3	1	5	3	3	2	2	4	2	3	4	0	5	4	3	
178	21.929596107044464	-102.25859570359134	1	4	0	0	0	5	5	4	3	5	0	4	4	5	5	
179	21.941323551877122	-102.24139447196455	4	4	4	1	5	1	3	3	2	1	0	0	3	5	0	
180	21.94023731092068	-102.25356845958213	4	4	0	2	1	5	3	4	3	2	5	3	5	2	1	
181	21.936763472690984	-102.24152923486332	5	0	1	5	1	0	2	3	0	1	1	0	3	1	2	
182	21.922522350084698	-102.24061116172453	3	1	4	4	3	0	2	0	4	4	1	1	1	2	5	
183	21.933007516431502	-102.24833310952707	4	2	5	1	0	1	2	1	5	0	5	3	4	3	0	
184	21.93043752777018	-102.24392620061995	0	3	5	1	3	0	0	2	3	5	1	2	5	1	2	
185	21.92558149425487	-102.25381163958119	3	5	5	4	5	3	2	2	5	5	0	3	2	3	4	
186	21.932804106867582	-102.25838815395417	4	0	4	0	2	0	2	3	2	4	5	1	1	0	5	
187	21.918190416410038	-102.24878700885296	2	1	4	4	5	5	1	0	2	2	1	5	0	2	1	
188	21.939824097279487	-102.23917603291395	0	2	1	1	3	2	2	1	0	5	2	0	2	3	0	
189	21.921334977900056	-102.25642176682857	2	3	3	5	5	2	4	1	2	0	4	0	1	2	1	
190	21.9396414434359	-102.24857314563423	4	1	5	0	3	3	0	4	5	0	1	1	2	0	4	
191	21.93108040325245	-102.24640658322059	3	1	5	0	4	1	5	0	0	1	5	1	1	0	1	
192	21.919931150602054	-102.25504086417502	4	0	3	2	1	2	2	2	3	2	3	0	4	0	1	
193	21.923742891164032	-102.24298034062973	0	3	2	5	1	5	4	2	1	5	2	5	3	1	4	
194	21.91949133572722	-102.26098487971451	4	1	4	3	4	2	5	2	4	3	2	3	0	3	4	
195	21.920539454148994	-102.25475505054465	0	1	1	3	5	2	2	0	5	3	1	3	4	1	4	
196	21.919423190200966	-102.2500151209922	3	1	3	1	0	0	2	2	2	1	4	4	2	4	5	
197	21.92212188732931	-102.24057039542794	2	4	1	5	5	5	1	5	0	1	3	3	0	5	0	
198	21.91886401754022	-102.2491303085234	5	3	4	4	3	2	5	0	4	5	2	1	4	2	3	
199	21.92751114934968	-102.24718940633991	0	1	1	4	1	0	3	2	4	4	0	2	3	0	4	
200	21.93606075820558	-102.24465952245926	3	1	2	4	2	4	4	3	5	5	4	5	4	3	2	
