ID 	 X_COORD		 Y_COORD		 F1	F2	F3	F4	F5	F6	F7	F8	F9	F10	F11	F12	F13	F14	F15	F16	F17	F18	F19	F20	
1	21.86225179869003	-102.32636800115738	1	3	5	1	3	1	4	2	5	2	2	0	1	1	5	5	4	1	4	2	
2	21.844149328547346	-102.32040823995366	0	2	1	1	3	4	1	3	2	0	3	4	3	5	2	1	1	5	0	5	
3	21.867645762560542	-102.3259567549859	5	3	4	0	4	2	1	2	4	0	2	0	3	5	0	2	5	0	5	2	
4	21.889441458993637	-102.30857237541406	5	2	3	4	5	3	5	4	3	4	4	5	0	0	1	3	0	0	5	3	
5	21.889220962249045	-102.31893731683851	5	5	2	5	3	3	0	2	3	1	0	0	0	2	4	5	4	0	4	3	
6	21.882343801856685	-102.3180109702903	0	5	0	4	2	4	5	4	1	2	0	2	0	3	3	3	5	0	0	3	
7	21.9048186666153	-102.32255677669428	5	5	1	2	0	5	5	3	5	3	4	2	0	5	2	2	0	4	0	2	
8	21.90354493072081	-102.32534182815624	3	5	2	4	3	4	3	1	4	4	3	5	4	0	1	0	2	1	0	4	
9	21.936701999885663	-102.3120972394165	5	0	5	4	4	5	5	2	4	2	0	5	3	4	4	5	0	1	1	5	
10	21.93860286400126	-102.31768555494402	3	5	3	3	2	4	1	0	3	5	1	1	0	4	5	4	0	2	1	2	
11	21.922354401273253	-102.31356674658879	5	0	1	4	0	4	1	1	0	2	1	2	5	0	5	1	5	3	5	4	
12	21.922489464597913	-102.31566189298293	5	2	0	1	5	1	0	5	2	4	4	1	2	3	3	1	0	0	0	0	
13	21.94173782962408	-102.32310002466343	0	2	3	5	1	4	5	2	0	4	2	4	3	1	2	3	2	5	1	3	
14	21.929244023954624	-102.30974421432376	1	4	2	1	2	5	3	1	3	0	0	0	0	4	3	4	5	5	4	4	
15	21.94075863501148	-102.31123829266751	0	5	1	5	0	0	3	0	2	1	5	3	1	2	0	0	0	1	5	5	
16	21.931093800274905	-102.32155760409464	4	0	1	5	0	2	0	4	4	1	0	0	0	5	0	5	0	5	1	2	
17	21.924619808711505	-102.3078198094341	2	5	4	5	1	2	2	2	0	2	3	2	2	2	3	4	2	0	0	5	
18	21.938616670465397	-102.31686363681187	5	3	0	3	1	2	4	1	3	0	0	5	1	1	4	2	0	3	4	0	
19	21.922467214497225	-102.32238955851294	5	3	5	1	1	4	2	2	2	0	3	0	2	3	3	4	5	2	4	0	
20	21.942813398462683	-102.3176335777151	1	1	4	3	0	1	2	4	5	5	3	4	1	3	1	3	0	1	4	4	
21	21.84178692374814	-102.2845256826042	4	1	5	4	0	2	1	5	2	3	4	0	0	3	2	2	2	5	4	0	
22	21.84346698364795	-102.29642779296061	5	3	3	0	1	4	3	1	3	5	1	3	1	5	5	1	4	0	1	3	
23	21.861977064758147	-102.29349297170431	3	4	0	0	5	5	2	1	4	4	1	4	1	5	1	3	2	0	2	0	
24	21.861313625435262	-102.29716750627904	4	4	2	4	0	0	0	4	4	5	5	5	0	4	2	1	3	3	4	3	
25	21.852963069393905	-102.29004116378455	2	5	4	0	1	4	3	0	3	3	4	3	3	1	5	3	5	0	2	3	
26	21.860402298251106	-102.29379026050358	1	4	4	2	1	4	3	5	3	2	2	2	5	3	5	0	5	2	2	4	
27	21.858114207662044	-102.29532087471561	3	4	2	2	1	4	0	0	4	3	3	0	4	3	0	2	5	1	3	4	
28	21.862909187954504	-102.30088447167687	5	2	3	5	1	0	0	2	1	0	5	2	1	0	2	5	3	3	5	4	
29	21.8566168391443	-102.30382716657554	4	3	1	2	1	0	5	4	0	0	1	0	1	3	3	3	1	4	1	1	
30	21.84993691750252	-102.29892216030609	4	3	4	3	0	3	5	2	0	0	2	3	3	0	3	1	0	2	2	4	
31	21.86195456350303	-102.30344213715388	2	0	5	0	0	5	3	5	0	5	5	4	2	2	0	3	0	3	0	3	
32	21.848383330662674	-102.28422981465026	4	2	3	1	0	4	0	2	5	2	1	1	2	1	2	0	3	3	4	1	
33	21.879251440060596	-102.28463868220148	5	1	1	0	3	5	3	4	3	5	3	5	2	2	5	2	3	4	5	1	
34	21.87226532067137	-102.28951062264898	3	0	2	5	4	2	4	2	1	2	4	4	0	5	0	5	4	1	4	1	
35	21.888199008178116	-102.29176143746248	1	0	0	2	5	4	4	3	5	3	4	5	3	3	3	1	5	4	0	5	
36	21.885746405433117	-102.29440360872476	5	3	0	0	5	2	4	3	4	1	4	1	4	1	0	2	0	0	5	1	
37	21.867604664562386	-102.30167663651045	3	4	5	3	3	1	3	4	5	5	5	1	2	1	5	4	1	2	4	4	
38	21.889988262580854	-102.2917312242505	2	2	2	3	1	3	5	3	1	1	5	2	2	0	4	1	3	0	1	5	
39	21.874317974036583	-102.2865484394411	4	0	0	1	2	4	2	3	0	1	0	1	3	2	0	0	4	2	5	1	
40	21.880550113550356	-102.30038074830759	4	0	5	4	1	1	1	2	5	4	0	0	2	5	2	5	0	4	0	0	
41	21.888137611710356	-102.288343836135	1	5	2	3	3	4	5	5	2	0	4	5	1	2	0	1	2	4	4	2	
42	21.879584418423196	-102.28491075173946	4	1	1	1	4	4	2	0	0	1	5	4	4	3	5	5	3	1	1	5	
43	21.874996896695833	-102.30269453201375	4	0	1	4	0	2	0	4	2	0	0	3	4	3	5	5	0	0	1	5	
44	21.88774969769838	-102.30509654945047	5	0	1	5	3	0	5	3	2	4	5	0	0	1	0	5	2	2	2	1	
45	21.881727707580094	-102.30569451283407	2	2	3	2	2	3	2	4	1	0	0	3	4	5	3	5	5	4	5	1	
46	21.885124504068266	-102.29414318658417	3	0	1	2	3	2	3	3	3	2	3	0	2	5	5	5	5	5	5	5	
47	21.882803368491757	-102.30211805013593	4	3	1	5	1	4	1	1	3	2	4	4	2	5	0	1	5	3	1	5	
48	21.890479391583003	-102.3006652885945	1	5	0	4	4	1	1	3	0	4	1	2	3	2	5	3	4	0	0	5	
49	21.879319617969593	-102.30500764084205	1	5	1	2	5	3	2	1	3	2	2	5	3	5	5	2	4	4	5	3	
50	21.879593033813258	-102.29313342616129	4	1	1	1	2	4	1	4	1	2	2	1	1	4	1	4	4	2	2	2	
51	21.888979315614556	-102.2951666429401	3	4	2	5	5	2	4	5	5	3	2	2	5	0	5	3	0	4	0	0	
52	21.86757454061941	-102.2866077450338	1	3	1	0	1	4	1	0	2	4	5	1	0	4	2	3	1	2	4	2	
53	21.88648280254913	-102.29315814972072	5	5	3	1	4	5	1	2	1	4	3	4	5	2	0	4	4	2	4	3	
54	21.887482776302438	-102.29659931274196	2	5	2	3	2	0	1	1	1	3	3	0	4	5	1	1	0	2	4	5	
55	21.877286220514886	-102.30109866985778	2	2	5	4	5	3	3	4	0	3	3	5	3	5	3	0	4	2	1	5	
56	21.870628555625647	-102.28876906186225	0	0	0	3	0	2	4	5	5	0	2	0	4	3	1	4	4	5	5	2	
57	21.913617107447337	-102.30232440257014	2	1	2	2	5	5	3	2	5	3	5	4	2	0	3	0	1	5	2	2	
58	21.904261842910213	-102.30407536276631	2	0	5	0	0	0	4	5	2	1	2	5	5	0	0	1	1	1	1	3	
59	21.89730218065051	-102.29114808212944	5	2	3	3	1	4	2	2	5	4	3	3	3	0	4	3	3	1	5	4	
60	21.909139886671046	-102.28423624086417	2	2	2	0	4	1	0	5	5	2	2	4	0	2	1	4	3	4	4	1	
61	21.893743179093192	-102.2945062955379	5	4	2	1	5	0	0	1	3	2	4	5	5	0	5	3	4	2	3	1	
62	21.915696531544665	-102.28640689719153	5	0	3	3	4	1	4	3	0	3	5	1	5	0	2	4	4	3	4	5	
63	21.914955802639717	-102.30362346487539	1	1	3	1	3	3	2	5	0	1	3	2	0	5	0	2	3	4	4	2	
64	21.9098202480579	-102.29953331167124	0	0	3	5	4	2	3	5	4	3	3	0	5	5	3	3	2	3	4	3	
65	21.894019080981867	-102.29412646178325	0	1	5	0	4	4	4	2	1	1	3	4	5	1	4	4	4	0	1	3	
66	21.909598682599675	-102.28751772173081	4	4	4	2	1	3	2	5	1	2	5	0	3	0	3	2	2	0	0	5	
67	21.89697522630963	-102.29708140918382	1	3	2	2	0	2	5	2	2	1	1	3	2	0	0	0	5	0	0	1	
68	21.910568547868518	-102.29175702068844	2	3	4	0	4	5	2	4	2	2	4	3	5	2	2	0	3	1	1	4	
69	21.89784663843334	-102.29794153200098	3	2	2	0	3	5	2	0	5	1	5	4	2	0	5	1	3	1	3	3	
70	21.897054758324124	-102.28445412563252	4	3	2	1	2	3	1	0	5	1	1	1	0	4	5	4	1	1	1	2	
71	21.891859169159268	-102.3011221666701	1	4	5	4	0	5	4	2	4	5	0	5	0	5	1	3	1	1	2	5	
72	21.908687195259873	-102.30256040567714	2	1	4	5	2	2	0	1	5	5	1	0	5	2	3	1	1	0	5	3	
73	21.89315808551182	-102.28952825321905	4	4	3	1	5	2	5	1	2	0	0	4	4	0	2	2	3	1	5	0	
74	21.903656255181012	-102.30389092333164	3	3	1	1	2	4	3	5	5	3	3	3	2	1	0	2	5	2	3	5	
75	21.910763268132822	-102.30611466452207	1	2	0	1	5	5	4	1	2	0	3	4	0	1	1	4	0	0	2	3	
76	21.90631832544626	-102.29977859891284	2	2	0	3	0	0	0	1	1	4	2	0	4	2	2	0	1	5	1	2	
77	21.90849218539028	-102.30195175483452	3	2	4	1	4	1	1	2	5	3	5	0	4	4	4	4	5	1	2	2	
78	21.913764839183024	-102.29025978158138	2	1	5	4	5	1	0	4	4	5	5	1	5	0	1	3	2	3	5	2	
79	21.901329403317863	-102.28989657323372	1	3	5	4	0	5	3	3	2	3	5	1	0	0	3	4	4	2	0	4	
80	21.913023225767176	-102.28740253941686	0	5	4	5	2	2	5	1	1	0	5	2	5	1	4	5	3	3	0	2	
81	21.912445641561092	-102.28459614537636	1	0	4	4	4	1	0	4	1	4	4	3	0	5	4	4	0	5	0	5	
82	21.89654170205353	-102.29450641234023	4	1	4	2	0	3	3	1	4	1	4	4	2	1	5	1	1	3	3	5	
83	21.900434148759427	-102.28818913924952	4	0	5	2	2	5	3	5	2	0	1	0	0	5	3	2	3	1	3	5	
84	21.910055516133585	-102.28989340025926	5	3	5	3	4	0	5	5	1	2	5	0	4	0	4	0	1	4	4	4	
85	21.90535237594059	-102.28678484219697	4	5	5	0	1	5	5	3	1	3	4	2	2	5	5	2	3	2	3	3	
86	21.899553825736454	-102.29288888588331	5	5	5	4	1	1	1	3	0	3	3	4	1	2	3	0	0	0	1	0	
87	21.907246910569977	-102.30306960340853	3	2	1	5	0	4	0	3	2	5	5	5	4	3	5	4	5	5	0	1	
88	21.91712511569787	-102.30490850258106	3	4	1	1	1	5	2	0	1	2	1	5	4	3	0	2	3	0	1	1	
89	21.928059029009894	-102.30068466326972	3	4	1	1	2	3	4	3	5	5	3	5	4	2	2	5	1	3	1	3	
90	21.936425035670357	-102.2978158795352	5	2	4	3	3	5	4	4	3	4	0	4	2	5	3	2	0	1	0	1	
91	21.9226426252457	-102.28874348151402	3	5	3	3	1	0	0	5	3	1	2	0	0	1	1	2	5	2	5	3	
92	21.932216230463737	-102.29205107681197	4	4	4	3	4	2	0	3	2	4	1	1	5	1	1	0	3	2	3	2	
93	21.943272336786055	-102.30172911107995	0	4	2	0	5	1	5	1	1	5	4	4	0	3	4	0	3	5	4	1	
94	21.932973280515352	-102.2857870334782	4	1	3	0	5	5	4	1	5	5	2	0	5	2	5	3	1	3	0	1	
95	21.92854403104555	-102.30469118298451	4	3	3	0	1	5	2	3	5	4	5	3	0	3	2	1	2	1	3	2	
96	21.926994562953794	-102.30129178168298	0	5	5	2	4	0	4	4	1	5	0	0	4	0	1	5	0	1	0	3	
97	21.929944238538276	-102.29955396369252	1	3	4	5	4	3	2	3	3	4	0	2	0	0	1	2	0	2	4	3	
98	21.924442351934406	-102.30366507914626	1	4	5	5	5	0	3	0	4	0	5	1	1	2	3	1	2	4	0	4	
99	21.934180408495674	-102.29272659113279	0	1	3	3	0	1	4	0	5	4	5	0	2	3	3	5	3	4	1	1	
100	21.939674176521056	-102.28640110551177	0	0	0	0	4	2	4	3	2	3	2	0	1	3	0	3	2	2	4	4	
101	21.93401484839871	-102.28669857541593	5	1	3	3	5	1	0	2	0	4	0	3	5	1	4	2	4	2	4	5	
102	21.91809340837475	-102.3035958079172	5	1	2	2	2	4	4	3	2	1	1	0	5	0	4	1	1	5	1	3	
103	21.929438681618983	-102.29328952748001	4	0	5	2	3	4	3	2	3	1	0	2	4	4	5	0	0	5	4	3	
104	21.922676304184435	-102.29508077833904	4	1	4	4	0	1	5	5	5	5	3	0	5	0	0	2	0	2	3	5	
105	21.942679604975275	-102.3013520453306	4	2	1	0	3	5	0	3	3	5	1	0	3	1	2	0	1	2	4	4	
106	21.942143020271203	-102.29859701735586	5	4	3	5	0	2	2	1	0	0	2	2	0	1	1	1	1	0	0	5	
107	21.92171964975663	-102.30098234638504	4	5	4	2	5	2	1	1	3	2	2	1	0	3	2	3	3	5	4	4	
108	21.928961091630075	-102.28630518472919	1	5	5	2	4	5	1	4	3	5	1	5	4	4	1	1	1	4	2	4	
109	21.933209050723644	-102.29214579090221	5	5	1	0	2	2	3	5	2	3	4	4	1	5	5	5	2	2	5	0	
110	21.926726245379765	-102.29920878958019	1	2	4	3	5	4	5	2	1	2	5	0	4	1	1	2	2	0	2	4	
111	21.92566385354967	-102.30457426508472	0	2	4	3	2	5	0	2	2	2	1	0	3	0	2	5	2	2	2	5	
112	21.91947819503067	-102.28504127125487	2	1	3	1	0	1	5	1	5	2	5	5	0	5	4	4	4	3	0	2	
113	21.917841475724607	-102.30312320310114	3	0	1	0	1	1	1	3	4	3	4	2	5	3	1	5	2	5	0	0	
114	21.933995191512413	-102.29941580635266	3	4	2	3	4	1	4	2	5	2	1	0	3	2	0	4	0	0	3	5	
115	21.91998884035241	-102.30278468480869	4	2	4	2	5	4	1	0	2	4	3	2	1	2	5	1	2	5	3	1	
116	21.922843038520185	-102.28483712267587	3	3	5	5	5	3	2	3	0	4	1	4	1	0	1	1	5	0	4	5	
117	21.926583859525472	-102.29562956790001	1	2	5	4	1	1	1	2	3	2	4	4	1	3	2	1	4	1	4	5	
118	21.93338420543592	-102.28965625834256	4	3	0	5	1	1	3	0	2	3	4	2	1	1	5	0	4	4	3	0	
119	21.93843123124339	-102.28599237126518	3	3	4	5	5	0	4	5	2	4	3	3	0	2	0	2	5	4	0	5	
120	21.92797793089798	-102.29886102130698	1	1	1	4	4	1	4	4	3	2	0	5	3	0	5	5	3	2	2	0	
121	21.92106465250716	-102.30627716652488	0	4	1	1	1	1	3	4	3	0	1	4	2	5	5	2	4	0	5	5	
122	21.934385965878626	-102.29571609355729	2	3	1	1	1	4	0	3	4	4	3	4	2	4	2	0	0	0	5	1	
123	21.93949163936257	-102.30630851688316	4	5	4	1	3	2	2	1	3	0	4	3	3	2	5	2	1	4	0	2	
124	21.919415546615745	-102.2917697141068	5	2	3	5	0	3	2	2	2	2	4	1	5	1	3	2	3	4	4	4	
125	21.93397393079347	-102.30195457699718	5	0	3	2	2	3	3	2	0	2	2	0	3	3	0	1	0	4	1	3	
126	21.930689873272243	-102.29981933105792	5	4	5	2	2	2	2	3	4	2	1	5	3	2	4	1	2	5	2	0	
127	21.9395808454479	-102.29921204699693	2	4	3	5	3	3	4	4	1	2	0	1	3	0	0	0	2	5	5	2	
128	21.92745814061191	-102.3047313044193	1	1	5	4	0	1	0	5	5	1	4	4	1	0	3	1	4	3	2	2	
129	21.85712277367818	-102.27948016235693	0	4	1	3	1	4	2	1	1	4	2	3	2	4	0	5	1	4	0	0	
130	21.84520819217989	-102.27128795099514	4	3	4	3	3	0	1	5	4	5	3	3	5	2	1	2	4	5	2	5	
131	21.851617239704986	-102.2684091083086	4	5	0	1	1	0	1	4	1	0	1	0	2	5	0	0	4	1	2	0	
132	21.85702487014309	-102.26873733551878	1	2	1	3	0	3	2	3	1	5	5	4	2	5	4	0	1	5	1	5	
133	21.84807128803545	-102.27345077685086	2	3	5	1	2	0	4	3	4	0	3	3	0	5	3	4	1	5	5	4	
134	21.862532521821567	-102.26159950928734	4	4	4	3	1	0	2	3	2	2	4	0	2	1	5	1	1	0	3	5	
135	21.85318802942749	-102.27260039725708	1	4	1	5	4	1	4	0	4	1	0	2	0	2	5	4	2	1	0	0	
136	21.86488012161089	-102.26754285751424	0	0	4	3	5	2	3	2	1	5	2	5	4	0	4	4	4	0	3	5	
137	21.845511546620703	-102.27812685755057	1	3	4	4	3	0	1	2	3	2	3	3	0	4	1	0	4	3	5	4	
138	21.858176935503778	-102.27783623103093	5	1	1	5	5	0	1	4	1	5	5	0	4	1	5	4	2	2	0	0	
139	21.887718752601256	-102.27893904299518	5	2	2	5	2	0	0	3	2	0	1	4	3	3	0	1	1	2	5	2	
140	21.88277692357665	-102.26442153342032	0	1	2	2	2	3	0	1	1	3	1	4	0	3	3	2	1	1	3	1	
141	21.87576724909599	-102.28259898985385	0	3	4	2	5	0	5	2	5	1	0	5	2	3	5	5	5	1	5	5	
142	21.89165944548465	-102.27131892540041	4	0	1	1	5	4	4	4	3	5	5	4	5	1	3	0	0	5	5	0	
143	21.890992538031053	-102.26917905950104	1	0	0	2	4	3	5	0	1	3	5	1	3	1	1	2	0	4	3	3	
144	21.887427381659226	-102.27791085646835	5	2	2	0	0	4	0	0	4	2	5	1	5	1	0	2	5	5	0	3	
145	21.869802749176273	-102.27664925828765	0	4	5	5	0	2	1	4	0	1	4	1	0	1	0	2	4	0	5	4	
146	21.873071428783305	-102.2809742297429	0	2	2	0	3	3	2	2	1	4	4	0	0	1	5	4	2	3	2	0	
147	21.884054119507677	-102.28361327106201	1	0	2	3	0	3	2	5	4	0	0	0	1	2	1	0	4	5	5	0	
148	21.882022061032984	-102.26726250560024	2	2	3	5	2	0	3	1	3	0	1	1	4	4	1	2	1	3	1	0	
149	21.87558725737738	-102.26616660379435	1	0	2	2	5	5	5	4	2	0	3	2	0	0	2	5	1	4	2	0	
150	21.87338433232182	-102.27827595196806	3	3	2	5	1	3	5	0	3	2	0	0	0	5	4	3	0	5	0	4	
151	21.878109675847597	-102.2675630714107	0	5	3	4	2	3	1	4	3	5	5	2	5	0	5	4	3	1	5	0	
152	21.881010221359208	-102.2653637979645	4	5	3	1	2	0	2	3	2	3	2	3	4	2	4	2	3	3	2	1	
153	21.890191434971552	-102.28390886802708	0	1	1	3	3	3	0	3	4	1	4	3	5	4	4	5	0	1	3	3	
154	21.874143966301187	-102.27807936885439	0	0	5	2	5	5	0	5	0	5	5	3	1	0	2	4	1	1	2	5	
155	21.872775834539596	-102.27855840297232	1	4	0	1	0	1	1	2	0	5	5	1	0	0	1	4	3	1	1	4	
156	21.87891581084771	-102.27335591381204	5	2	5	1	1	2	1	3	2	5	3	3	3	5	0	1	5	3	5	5	
157	21.88395814825747	-102.27540457056034	4	0	2	5	0	3	5	1	1	4	0	3	5	5	2	1	0	0	4	3	
158	21.88229360917162	-102.26373503138095	2	1	0	5	5	3	1	3	0	0	0	2	5	1	4	4	2	0	0	5	
159	21.87959416386042	-102.26297459095638	4	3	4	2	5	3	2	0	3	4	1	1	3	0	3	0	2	3	0	5	
160	21.878969604378234	-102.26199663471009	3	0	5	3	3	2	4	4	5	5	2	0	1	3	2	0	2	5	5	5	
161	21.886444270039256	-102.28121135257652	5	5	5	0	5	2	5	4	4	2	1	4	0	4	2	2	4	0	4	3	
162	21.875894278961216	-102.27224493951702	5	0	1	0	5	2	0	2	3	3	5	0	1	4	2	5	5	4	5	1	
163	21.88303414263413	-102.26526883273583	5	3	5	0	2	1	3	1	4	5	1	4	4	2	3	0	5	4	2	1	
164	21.89109597959597	-102.27664853594723	1	4	2	2	3	5	2	0	1	0	0	0	3	0	2	2	3	2	4	3	
165	21.89075473954915	-102.27310770591227	2	1	4	4	3	5	5	2	4	2	3	4	4	1	1	0	4	2	0	0	
166	21.873631004573966	-102.28349704311046	0	5	3	0	1	0	3	2	4	2	5	3	4	1	4	2	3	5	0	2	
167	21.889401667325373	-102.28118984398476	2	0	4	0	4	2	1	1	5	5	2	4	0	5	4	0	4	5	1	3	
168	21.886157050860255	-102.28304937374473	1	3	0	2	2	5	4	0	5	1	2	3	5	1	2	1	5	5	0	2	
169	21.87142846277126	-102.2785482473874	5	5	1	3	5	0	5	2	2	2	1	2	1	4	5	4	3	5	2	4	
170	21.887591538490828	-102.26490719415445	2	3	5	5	5	5	3	0	0	5	5	4	1	2	1	4	3	5	3	4	
171	21.897893045374463	-102.27732522868939	0	0	0	4	5	3	4	5	4	4	1	4	2	3	0	1	0	4	4	1	
172	21.894501251943748	-102.27370656706044	3	1	2	1	4	0	5	2	0	2	2	5	1	3	4	3	2	3	0	5	
173	21.91081702651546	-102.28129290342547	2	0	4	4	0	1	5	5	0	0	5	4	2	1	2	2	3	2	1	3	
174	21.895594221892935	-102.27189363511972	0	4	3	3	0	4	5	5	3	2	4	5	3	0	5	1	2	1	3	5	
175	21.9056934016724	-102.2633537285814	1	1	2	4	4	0	3	0	1	1	1	2	5	5	0	2	5	4	1	3	
176	21.914798551852698	-102.26168561830781	0	3	4	3	1	3	1	1	0	3	2	4	3	1	0	5	5	1	2	4	
177	21.903652302690524	-102.26993419624046	1	0	2	5	4	4	4	1	2	0	5	3	2	2	1	2	4	4	2	4	
178	21.910894804480858	-102.27953357882672	2	1	4	2	2	2	0	5	3	3	5	3	5	1	4	3	2	1	1	2	
179	21.909383226712468	-102.27318457744762	5	5	4	4	1	3	5	0	1	2	0	1	3	2	5	4	5	1	5	1	
180	21.91600616456769	-102.26699365995322	0	3	0	3	0	5	4	5	1	4	0	5	4	5	3	3	4	4	4	4	
181	21.905293750171356	-102.2748986896644	2	3	2	3	3	1	2	1	5	5	2	2	0	1	1	1	0	5	5	3	
182	21.89991347093922	-102.28164198999124	3	3	4	3	4	1	5	0	0	3	0	1	2	4	5	4	1	5	2	1	
183	21.909854847076677	-102.28183985204674	0	0	4	3	2	5	4	3	1	2	1	0	0	2	2	3	1	5	3	5	
184	21.915253974917224	-102.2671933941908	1	2	4	4	0	1	5	4	3	1	3	4	1	1	4	2	3	5	4	2	
185	21.89357611536609	-102.26976190051444	2	3	0	3	1	2	5	5	1	3	1	3	0	3	3	4	0	5	1	5	
186	21.901751191486042	-102.28084025602425	5	1	2	3	4	2	3	4	1	2	5	3	4	1	2	2	3	0	2	4	
187	21.90080372924105	-102.26302930454871	2	0	2	4	4	5	0	1	3	1	2	1	2	5	4	5	5	1	0	0	
188	21.899896136413517	-102.27066419475895	1	4	4	0	2	3	5	1	0	3	2	4	0	5	5	5	0	5	2	3	
189	21.915259343098633	-102.26897096507412	3	4	1	4	4	1	0	5	4	3	5	1	5	0	2	2	0	4	5	4	
190	21.897792189193297	-102.2711120482013	2	2	3	1	1	4	3	2	2	3	1	3	1	4	0	1	3	4	3	0	
191	21.9226041894922	-102.26963880999568	2	1	4	5	5	2	4	5	0	3	3	3	0	4	0	0	0	4	5	2	
192	21.94006573922878	-102.26515598096545	0	2	2	5	1	5	2	3	2	4	1	3	5	1	1	1	0	1	3	5	
193	21.9316944456435	-102.2626016461096	5	5	4	1	3	4	2	5	2	3	1	2	4	5	0	2	3	0	3	2	
194	21.927543131598686	-102.27205358734406	1	0	2	4	1	0	2	2	0	0	1	3	3	0	2	5	4	5	1	5	
195	21.923474572909846	-102.27105387761158	2	1	5	3	4	2	1	1	0	2	3	2	4	4	5	1	5	0	3	2	
196	21.92044562674905	-102.2708173378416	4	0	2	5	4	0	5	5	1	2	5	3	3	1	2	5	3	4	0	1	
197	21.94248048903812	-102.28365936405358	0	3	2	5	0	2	5	1	4	0	4	0	5	0	5	3	3	4	5	0	
198	21.92175702555617	-102.2683901321167	2	5	0	0	4	1	5	1	3	1	4	4	1	5	2	5	0	2	0	3	
199	21.93965386483232	-102.27562600579041	3	1	4	0	1	3	5	4	4	4	2	0	5	5	3	4	1	2	3	4	
200	21.934063404791228	-102.270375928761	0	4	1	1	2	1	2	0	0	4	3	4	3	0	5	0	4	4	0	3	
201	21.93020658773904	-102.27309493416824	4	2	5	1	5	5	5	0	1	5	2	1	3	3	2	2	2	2	3	0	
202	21.9180216355453	-102.28216681509588	2	3	0	2	2	2	2	4	1	5	3	1	3	2	3	4	3	1	3	2	
203	21.938560763187194	-102.26298890869391	5	5	4	0	2	4	2	1	0	5	5	1	0	1	3	0	4	4	1	3	
204	21.93131954057664	-102.26948745119103	3	5	2	5	0	4	3	1	4	2	5	3	4	1	5	3	4	3	0	3	
205	21.917954980730165	-102.27947062138983	2	2	4	4	1	1	1	2	5	4	0	1	0	4	5	4	1	4	0	2	
206	21.9298877509047	-102.27208172704006	1	0	4	1	1	5	1	3	4	3	1	4	3	0	2	1	3	5	1	3	
207	21.920108284439742	-102.2773777534453	0	1	3	4	5	2	0	4	2	0	5	5	0	4	4	2	0	2	2	0	
208	21.924920846781532	-102.2755912828593	2	1	3	1	5	1	3	5	4	2	1	3	5	5	4	0	2	0	4	5	
209	21.93568349649834	-102.26296428321047	0	2	4	0	5	0	3	5	4	1	4	2	3	3	0	4	2	5	1	3	
210	21.918027947731844	-102.26192009774208	0	4	2	0	0	4	1	4	0	1	2	1	2	0	4	5	3	5	0	2	
211	21.92739640520893	-102.27454090857476	4	4	5	4	2	5	3	5	2	4	1	4	3	4	2	1	0	0	5	1	
212	21.93817058766118	-102.27191544162474	0	4	1	3	3	2	0	3	5	5	5	0	0	2	5	3	3	4	4	4	
213	21.922266830378327	-102.26331385971143	0	3	4	4	3	1	3	1	3	5	1	4	5	3	3	3	5	5	4	4	
214	21.92053271108486	-102.27237013731693	4	4	0	1	1	4	3	5	0	0	3	5	4	5	0	2	5	3	4	1	
215	21.93626289135827	-102.2618026218733	3	3	0	2	5	4	4	0	4	1	0	0	3	4	2	3	0	4	0	1	
216	21.939663259604437	-102.26760472750149	1	2	0	3	4	2	4	0	0	1	2	5	5	2	3	5	0	1	3	3	
217	21.923446537855583	-102.27016286112782	2	3	1	3	4	1	0	1	5	5	5	2	4	1	5	5	2	3	1	1	
218	21.933354755802508	-102.27613810305071	3	4	3	3	1	5	1	4	1	1	2	4	5	3	1	1	0	1	1	0	
219	21.934933828832957	-102.27750362806505	5	0	5	5	1	2	4	0	4	3	0	5	0	0	2	4	3	5	4	5	
220	21.93493879936346	-102.26915864813314	5	2	5	3	0	5	3	3	5	3	3	4	3	5	4	3	1	0	3	4	
221	21.927916774029004	-102.28341327273948	3	0	4	4	4	4	3	4	1	5	3	2	2	1	5	3	2	0	1	1	
222	21.93756672664552	-102.2624141651372	2	0	1	2	0	2	5	3	3	5	3	4	3	5	2	1	0	5	4	3	
223	21.934837588316345	-102.27040629630764	5	1	5	1	5	0	2	2	5	1	5	3	0	4	2	4	2	0	3	2	
224	21.924324009943653	-102.27100552989945	1	2	4	4	3	3	1	4	3	0	1	3	5	2	3	5	3	5	3	0	
225	21.933000083290278	-102.2648058092827	4	3	4	2	3	5	2	3	2	0	0	4	1	0	1	1	4	4	3	4	
226	21.921322435162885	-102.26161870216056	2	0	3	1	3	1	4	3	5	3	1	1	5	5	2	1	0	0	0	4	
227	21.9325042772436	-102.27624796751677	3	1	4	4	3	1	0	1	3	4	2	3	1	2	2	2	2	2	0	1	
228	21.929953850786912	-102.28087806854269	1	0	5	3	3	3	2	1	3	0	2	4	4	2	0	4	2	1	5	4	
229	21.923106039459686	-102.2753113311365	1	5	4	0	4	0	3	3	0	0	4	4	2	1	3	5	5	5	0	5	
230	21.9314730971487	-102.26916197825578	4	3	1	5	0	5	5	0	5	3	4	2	3	0	2	1	3	5	3	2	
231	21.937417530528435	-102.26597650753376	3	2	4	5	3	3	5	3	4	5	0	2	5	5	3	3	5	0	0	4	
232	21.934495692606035	-102.27493175153708	0	0	3	1	0	0	2	0	0	1	4	3	2	0	5	2	3	4	2	2	
233	21.92579700344786	-102.26547009657774	1	5	0	4	4	0	1	0	4	0	3	0	2	3	4	1	4	5	2	3	
234	21.93277843160393	-102.27547554864644	5	4	3	0	0	1	5	4	1	4	0	2	2	2	1	5	3	5	5	1	
235	21.919355465563722	-102.27499260088567	4	3	0	5	5	4	0	2	0	0	0	4	1	0	2	0	1	3	3	3	
236	21.942247053692498	-102.267799404892	2	0	4	0	2	3	0	3	1	1	3	3	1	3	5	2	2	1	0	5	
237	21.92378880950862	-102.28216406717127	2	2	3	5	1	5	1	1	4	4	5	5	5	5	5	5	0	0	0	1	
238	21.934864790041573	-102.27416466102358	4	4	0	0	2	2	4	4	5	0	2	4	0	5	0	2	1	4	2	0	
239	21.924613210936602	-102.2805501793188	5	0	1	3	3	0	3	3	5	2	0	0	1	4	4	2	4	2	3	1	
240	21.92592675208562	-102.27608013883848	1	5	2	1	1	4	0	0	4	2	0	1	4	2	1	3	5	5	1	2	
241	21.940913348641093	-102.27346785087764	5	2	1	0	0	1	1	5	3	2	4	0	3	1	0	0	3	4	2	1	
242	21.937247578064575	-102.26810720909792	5	2	3	4	5	4	2	4	3	1	0	3	0	0	5	3	4	1	2	1	
243	21.937559630365275	-102.26608547932813	1	1	5	4	1	3	3	5	4	2	2	0	2	0	2	4	1	5	5	0	
244	21.93441122113886	-102.27104832244049	5	5	4	4	3	3	0	1	0	2	3	1	0	3	1	0	3	5	1	0	
245	21.927218202775602	-102.27092873300826	5	1	4	1	5	2	1	0	1	5	0	4	5	2	3	3	2	3	3	2	
246	21.92834871249778	-102.26678126837201	2	2	4	0	0	4	1	3	5	5	1	1	2	3	4	3	5	2	1	4	
247	21.934266132961547	-102.26639844982718	2	3	1	3	2	3	1	2	4	5	2	5	0	0	3	2	5	5	0	4	
248	21.928412066840803	-102.26472694720003	0	1	5	4	4	3	4	1	4	3	3	0	2	3	5	1	1	3	5	3	
249	21.91811479802959	-102.27051205696024	1	0	2	4	3	1	4	2	1	3	2	2	3	2	3	2	5	1	2	5	
250	21.92519090984498	-102.28061475560382	5	0	3	5	4	1	5	3	5	3	5	5	5	3	3	1	5	0	5	5	
251	21.936194341153094	-102.27563479681396	2	1	4	3	2	2	5	2	5	2	1	5	2	1	5	4	3	1	5	0	
252	21.91962977822634	-102.28333074917637	4	1	2	2	2	3	3	5	1	3	2	5	2	1	0	0	5	0	3	5	
253	21.921159862843364	-102.27014965952496	5	4	2	2	5	1	3	2	4	2	1	3	3	0	3	0	5	0	2	3	
254	21.934912029273516	-102.26842315529028	2	2	5	3	3	0	3	4	0	4	5	3	4	3	0	0	4	1	2	3	
255	21.92043734021468	-102.27095225291596	0	4	2	4	0	1	1	5	0	0	4	5	2	5	1	3	5	2	0	3	
256	21.92416223085792	-102.265756585358	3	2	1	1	5	1	0	1	2	3	0	4	1	3	4	0	3	2	2	2	
257	21.94297854685213	-102.26379215705128	1	2	0	2	1	3	3	1	3	0	3	2	1	1	3	4	0	1	0	1	
258	21.942857599683467	-102.28231725404214	3	0	1	1	3	1	5	2	1	2	0	2	0	1	1	3	4	3	1	1	
259	21.927729644648107	-102.26501282493601	0	2	4	2	1	1	0	2	5	3	5	3	1	1	1	1	2	2	4	2	
260	21.941100669993272	-102.27643155852583	3	5	2	0	4	4	2	5	3	0	1	3	5	1	3	5	0	5	2	5	
261	21.919323665727134	-102.28342667288048	4	3	1	4	2	0	5	1	4	4	5	4	2	5	2	2	1	3	3	2	
262	21.939041359480562	-102.26874307279869	0	1	3	2	5	0	4	0	2	4	4	3	0	1	5	5	1	2	1	5	
263	21.9392723577002	-102.26966719093393	1	3	1	5	1	3	3	3	4	3	5	2	0	1	5	5	3	1	3	0	
264	21.932248308308647	-102.27030406446734	2	1	1	5	3	0	1	1	2	4	2	2	4	0	3	2	1	4	3	5	
265	21.941463943996983	-102.26924115776676	2	0	2	5	4	2	0	3	1	2	5	0	2	4	3	5	4	1	4	3	
266	21.935010904604006	-102.27666461740732	5	4	3	4	1	4	4	2	3	3	5	4	2	0	4	4	0	2	2	0	
267	21.917882311127606	-102.26528878198724	2	4	3	3	5	3	2	4	2	1	4	2	5	4	3	5	2	3	1	5	
268	21.935835666582992	-102.27858607169563	4	2	5	2	3	4	5	5	0	4	0	0	3	3	2	1	5	0	0	4	
269	21.931532738086894	-102.28245967232796	0	0	4	3	4	1	2	4	1	0	0	3	4	1	1	0	3	2	1	5	
270	21.939261667221515	-102.2636828652534	1	2	1	0	3	5	1	0	5	0	4	4	2	0	5	1	3	5	2	2	
271	21.86407837460721	-102.25120707248183	2	3	4	5	4	1	4	1	4	5	5	5	5	3	3	2	5	1	4	5	
272	21.849133421088414	-102.26148382369087	4	4	2	3	4	4	1	3	4	5	1	3	5	1	0	0	0	4	3	1	
273	21.845907061061972	-102.25861287318922	0	5	4	0	0	4	1	3	2	1	0	5	3	4	5	3	3	5	3	2	
274	21.84466708352122	-102.24256388931659	5	4	5	4	0	0	1	2	0	3	3	1	4	5	2	2	1	1	0	2	
275	21.855319722220546	-102.24148911116855	2	3	3	5	5	2	1	4	3	3	4	1	1	2	3	1	4	0	1	4	
276	21.86410963666428	-102.25344988922733	1	0	2	1	2	0	2	4	1	1	1	2	3	0	3	5	4	1	0	3	
277	21.844959636715508	-102.2615019729437	2	2	2	5	2	4	2	2	1	2	1	0	0	2	0	5	4	3	2	4	
278	21.858294834201065	-102.25602576302914	5	5	3	1	2	1	3	1	3	5	5	3	1	1	5	2	3	5	0	4	
279	21.85869698808441	-102.2451753221968	5	5	4	5	5	2	4	5	1	4	1	5	3	1	4	0	1	5	3	1	
280	21.864680819343523	-102.24676508203447	1	2	4	4	5	5	3	5	4	5	5	3	5	3	3	2	1	4	3	2	
281	21.85754030702535	-102.25962061648181	2	5	4	2	4	5	4	5	5	1	0	2	3	4	0	2	5	0	4	5	
282	21.85566231247703	-102.25632786874321	4	3	1	2	5	2	2	1	0	2	2	0	0	0	1	0	4	0	3	2	
283	21.840394843543116	-102.24067282396153	2	4	0	3	1	5	3	1	3	5	2	3	0	3	0	4	1	4	5	3	
284	21.844969324111744	-102.25492342495477	0	3	3	5	4	3	5	4	4	4	3	2	1	1	0	1	0	1	5	4	
285	21.861779953559928	-102.24888453870801	2	4	0	5	3	3	3	0	5	1	1	4	1	0	3	1	2	4	0	5	
286	21.85096305240415	-102.24529112842687	3	3	5	1	5	4	3	3	3	0	5	3	4	1	1	3	0	3	3	3	
287	21.857079228851088	-102.2434116022112	4	3	1	4	5	0	1	4	4	2	2	1	4	3	5	1	0	3	2	0	
288	21.855663559996888	-102.25153695611549	4	0	2	1	5	5	3	4	0	2	5	2	4	4	1	0	4	5	0	2	
289	21.84991078427239	-102.24015873424429	4	1	5	2	2	0	1	4	0	0	1	4	0	4	2	4	5	1	2	3	
290	21.856560116562818	-102.24596771651902	2	4	0	2	5	5	1	0	3	4	3	1	3	1	4	0	2	5	5	2	
291	21.86723859299821	-102.25206998117818	5	1	3	3	1	3	0	5	1	5	2	1	4	1	5	0	1	0	2	3	
292	21.88021932050486	-102.23956992608822	0	3	1	2	0	4	4	5	0	3	2	5	0	4	0	0	2	5	0	2	
293	21.89076008468105	-102.24474276581813	2	2	4	2	1	1	0	2	3	5	2	1	2	0	4	2	2	2	5	3	
294	21.883247971874404	-102.24451025690358	5	1	0	1	0	1	5	0	5	4	3	0	0	2	5	4	5	5	2	2	
295	21.869152762896643	-102.26086767788117	0	1	2	1	0	2	0	5	2	4	2	0	2	2	0	0	2	5	5	0	
296	21.89116067253783	-102.24744904039835	2	1	2	1	5	2	3	4	1	0	4	1	3	4	2	2	5	2	2	0	
297	21.887342422748198	-102.24131718446914	1	2	5	0	1	2	2	5	5	2	1	4	0	2	2	5	3	0	2	5	
298	21.8676313633672	-102.25819389644904	3	4	5	4	4	4	3	5	2	0	5	2	5	4	1	4	5	5	0	0	
299	21.865872677059087	-102.24755382651283	3	4	0	3	2	3	2	4	2	3	1	4	2	1	3	5	4	1	5	4	
300	21.88119542185818	-102.2413385931517	0	4	2	4	2	0	2	5	1	0	5	0	0	1	2	1	3	2	4	5	
301	21.877165034461687	-102.25993168715173	0	0	4	3	4	5	1	1	0	4	5	5	3	3	3	2	4	4	5	1	
302	21.885382197425013	-102.25480373718175	4	1	4	4	0	2	4	3	0	0	2	2	2	2	5	2	5	4	2	1	
303	21.88410376993537	-102.2537846241543	2	4	3	2	4	2	4	1	2	2	0	3	1	5	3	2	2	0	3	0	
304	21.87975070641442	-102.25189851763902	1	2	4	5	1	4	2	4	3	4	4	1	0	3	1	4	4	0	1	2	
305	21.871931529415278	-102.26153948085648	0	0	5	5	1	1	1	5	5	0	0	5	4	5	4	4	5	1	1	0	
306	21.875470143963753	-102.24650635947532	1	0	2	2	5	3	5	5	1	0	4	5	0	2	3	0	1	4	2	4	
307	21.889093401688744	-102.24557786495117	0	1	3	3	2	3	4	2	4	3	2	4	4	3	0	3	4	4	2	2	
308	21.868064625127108	-102.25711602283194	3	0	0	4	2	1	2	4	0	4	5	0	4	0	0	3	4	0	0	4	
309	21.90719269060182	-102.24886902144871	5	0	1	1	3	0	1	3	0	4	1	1	5	3	1	4	0	1	2	2	
310	21.916123296932856	-102.2426567188125	2	4	4	2	4	4	2	0	0	0	1	2	5	1	4	4	5	3	2	4	
311	21.908535746251825	-102.2521333888093	4	5	3	3	4	1	5	0	3	2	1	4	2	2	3	1	2	0	3	5	
312	21.90313279987589	-102.25346867738362	5	5	3	2	3	3	5	4	4	5	4	0	4	2	4	2	2	5	3	1	
313	21.91636743928031	-102.24449184971772	1	3	0	4	2	4	1	3	3	0	1	0	0	3	2	1	2	5	4	5	
314	21.891999279571323	-102.24798716691438	0	1	2	1	4	3	2	5	4	3	5	1	3	1	5	3	4	1	5	0	
315	21.899927634079848	-102.25978613211647	5	1	5	4	3	3	3	5	5	2	4	0	2	3	1	2	1	0	3	0	
316	21.90246221919483	-102.2463840881433	3	0	3	5	4	4	3	2	5	5	2	5	2	4	4	1	1	3	1	1	
317	21.916388225647342	-102.24988994533562	3	3	3	2	5	3	5	0	5	5	0	3	3	2	3	5	2	0	2	2	
318	21.899253327731465	-102.24375152061309	4	5	5	2	3	0	3	0	1	3	4	2	0	5	3	2	3	5	0	3	
319	21.89649749998912	-102.25082063703735	4	3	2	3	0	1	3	4	3	4	2	5	4	3	3	1	3	1	1	4	
320	21.912605508305663	-102.24222478473716	4	1	2	0	0	4	1	2	3	4	5	0	5	4	4	4	0	3	2	3	
321	21.91572695554605	-102.25991603736037	0	2	5	0	5	2	0	1	5	5	3	3	1	3	1	0	4	0	2	0	
322	21.913567725467644	-102.25579945121666	4	5	0	3	1	1	3	1	0	2	1	3	3	0	4	1	5	2	5	2	
323	21.894668310066287	-102.24074673678145	1	1	3	0	2	5	3	2	3	2	2	2	5	4	5	2	0	5	2	5	
324	21.907206717383104	-102.2513406694253	1	2	5	2	2	1	1	5	2	0	0	2	2	0	0	0	2	4	0	4	
325	21.91188443836743	-102.25521742998238	5	4	3	5	2	5	3	3	0	4	0	5	5	4	2	5	1	2	0	2	
326	21.91405862422905	-102.25306063226583	3	1	1	2	3	0	5	1	4	0	2	4	0	2	4	0	4	0	0	0	
327	21.89577039002544	-102.25062084992	4	0	5	2	4	2	1	1	4	2	0	5	5	0	4	4	1	5	3	1	
328	21.89900968672655	-102.2464852847877	0	0	2	3	4	5	0	0	1	2	3	3	0	0	0	3	0	1	2	5	
329	21.89786874623966	-102.2553496613488	3	0	1	1	3	5	4	1	1	5	2	1	4	1	2	1	2	2	3	1	
330	21.915152494888922	-102.25910610112985	4	2	1	2	2	4	5	5	1	4	4	3	4	0	3	0	1	5	4	1	
331	21.91129180233126	-102.24000326317574	1	2	1	3	5	0	1	3	2	5	1	3	4	1	0	5	4	4	0	1	
332	21.900427549354536	-102.24023192880308	2	3	5	5	4	2	0	5	5	5	1	3	4	2	2	2	1	0	1	5	
333	21.90207994679894	-102.26014082388225	1	0	3	0	0	4	5	4	0	3	2	5	0	5	5	2	5	4	3	5	
334	21.893537442832123	-102.24533881832222	1	2	4	5	3	4	3	1	2	4	2	1	0	1	0	2	0	4	4	4	
335	21.89609814235077	-102.24765588009727	4	0	5	5	5	1	4	2	2	0	0	4	2	0	1	2	4	3	1	2	
336	21.90565594741248	-102.24088477767275	2	1	0	2	3	3	5	2	1	4	1	1	3	0	1	0	4	0	5	0	
337	21.891809824462815	-102.25853816034484	2	4	0	2	3	0	5	5	5	0	4	0	5	0	5	0	1	5	2	3	
338	21.894900264332794	-102.26039078669504	4	2	4	0	2	0	0	0	4	1	5	3	3	3	4	3	0	1	0	4	
339	21.89712518909951	-102.24207192802724	1	0	3	2	4	3	1	2	0	4	0	5	4	5	0	2	1	2	1	2	
340	21.89896648764799	-102.25980413624251	1	0	1	3	5	5	0	0	3	5	0	3	4	5	5	1	5	5	4	1	
341	21.94289283217558	-102.25876257703179	1	3	5	1	1	1	4	4	2	5	0	4	2	2	5	3	1	2	2	2	
342	21.926246528091188	-102.24835193236767	5	2	3	1	1	4	4	3	0	4	3	1	0	5	1	1	5	1	3	2	
343	21.917749800810274	-102.2579440067035	1	4	5	1	4	3	5	5	1	1	3	5	0	0	2	3	2	1	3	5	
344	21.933476451702486	-102.24361035066242	0	2	5	1	5	2	4	0	2	3	4	2	4	2	1	2	2	2	5	2	
345	21.938740712740582	-102.24305330363079	0	2	3	5	2	5	1	1	2	5	1	2	2	3	0	0	5	2	3	3	
346	21.938819804340415	-102.24076638601444	5	2	0	4	2	3	4	5	0	2	3	5	3	3	2	5	4	1	0	0	
347	21.9333142010066	-102.25952219738335	1	4	2	3	3	3	1	4	4	1	3	2	5	0	5	2	3	1	0	4	
348	21.943147209543575	-102.25288119997222	0	0	4	3	1	3	3	2	1	0	1	3	3	1	0	4	4	1	5	2	
349	21.928369782434306	-102.25636877631578	4	4	3	1	3	1	3	4	4	1	2	1	0	4	1	5	5	1	1	5	
350	21.93670151694856	-102.24942548479356	1	1	5	2	5	2	5	1	0	0	1	1	0	4	0	4	5	4	4	5	
351	21.929763239097355	-102.24406671393277	2	0	4	4	5	0	2	4	5	0	1	3	5	1	3	1	1	3	1	3	
352	21.920193656926998	-102.24541978002128	2	4	0	2	1	2	3	4	5	1	2	4	2	5	2	3	5	2	2	3	
353	21.92458930696686	-102.24218016753112	1	0	5	2	0	0	2	2	3	1	0	1	3	1	5	0	4	1	5	0	
354	21.937217850051482	-102.24917526478662	1	5	4	2	5	1	5	3	0	1	4	4	1	3	0	3	1	4	4	3	
355	21.922979427775775	-102.2500671072527	3	0	5	0	2	3	1	4	4	0	0	4	0	2	0	2	1	1	1	0	
356	21.922113080280266	-102.25616427573978	1	5	0	5	2	1	4	3	4	0	4	0	0	4	3	4	3	3	3	3	
357	21.92113749953506	-102.24011956092532	0	0	2	0	3	2	0	2	3	2	5	1	5	1	3	2	1	2	2	1	
358	21.91804718999173	-102.25056598762474	3	2	1	4	0	4	1	2	1	1	4	5	3	4	0	1	2	1	5	0	
359	21.93315179329653	-102.25399143573857	0	5	3	5	4	1	1	1	5	2	0	2	3	0	2	3	4	1	2	4	
360	21.92303288696811	-102.24248656138896	3	5	5	4	2	5	2	0	0	2	0	3	3	1	2	5	2	3	3	0	
361	21.941286136159125	-102.25642066573113	3	0	1	3	4	4	1	5	0	1	3	1	3	0	1	4	1	1	2	0	
362	21.930669974411632	-102.23982292651611	3	2	4	3	1	1	4	5	5	1	1	1	1	5	1	5	0	2	3	2	
363	21.930220871459646	-102.2489041708396	5	4	1	3	1	0	4	1	5	4	4	2	5	2	4	1	5	4	0	3	
364	21.941285222541104	-102.25775884801823	3	5	4	1	0	5	3	3	2	4	4	0	0	0	4	3	3	3	2	4	
365	21.941002882424808	-102.25602923008307	1	1	2	3	1	4	1	4	0	4	4	1	1	5	3	3	1	5	5	4	
366	21.919120402161752	-102.25834064616615	1	5	4	4	2	0	5	4	3	2	0	2	1	1	2	2	3	1	2	1	
367	21.942993700313536	-102.25581062976477	0	0	3	3	3	2	5	1	4	4	2	1	4	5	1	2	5	5	0	2	
368	21.94210200367317	-102.24126395042006	1	4	4	4	5	5	5	3	4	4	1	3	2	4	5	0	2	0	1	0	
369	21.924448963069807	-102.25548937877689	3	1	0	0	5	0	2	0	3	2	5	3	5	3	5	0	0	4	1	5	
370	21.93046834305113	-102.24783088528116	1	3	2	2	3	3	0	0	2	1	3	0	2	5	3	4	0	1	2	0	
371	21.943274905954674	-102.24685214107332	1	1	0	3	2	0	0	2	2	2	4	2	4	1	1	3	0	2	2	0	
372	21.93391640921926	-102.24503616402752	3	0	0	5	0	5	5	1	5	4	5	5	3	0	2	3	2	0	2	2	
373	21.933465753349566	-102.2486345914173	0	1	3	0	2	2	5	5	3	2	5	5	1	3	1	5	3	2	4	2	
374	21.941734769041314	-102.25428625717616	0	5	1	3	1	4	3	5	5	4	5	0	5	2	1	3	2	2	2	2	
375	21.938298025927793	-102.24869178221802	2	5	5	2	0	3	4	0	5	3	1	3	4	4	2	1	3	4	5	4	
376	21.93144628576291	-102.24305122026593	3	0	1	4	1	0	1	5	4	5	4	3	2	5	5	1	3	4	2	4	
377	21.930480525129454	-102.2541502981797	1	2	5	1	3	3	2	2	1	4	2	0	1	4	1	4	4	0	3	0	
378	21.925900779600273	-102.25064515419793	3	5	5	1	5	5	2	2	3	4	0	5	3	3	4	0	4	5	1	5	
379	21.92351008602029	-102.25664174090099	1	4	2	3	2	0	5	5	1	3	3	3	2	2	4	3	2	2	1	5	
380	21.928122496369163	-102.25190048490113	0	0	2	4	0	5	5	5	1	3	1	2	5	2	1	2	4	0	5	4	
381	21.921182532054367	-102.23953453751709	2	3	4	4	0	0	2	0	0	3	5	3	0	2	2	2	0	4	0	1	
382	21.918807796490675	-102.25352847478328	2	3	5	0	3	1	1	5	3	4	2	5	1	1	5	3	2	0	4	5	
383	21.937178296534356	-102.24176163410202	4	5	0	2	3	2	3	3	2	4	2	5	0	3	4	5	0	3	2	2	
384	21.929830172998635	-102.25837723201768	5	0	0	1	5	5	0	2	1	2	5	4	0	4	2	1	2	4	2	3	
385	21.9354798070269	-102.25650800053285	0	3	5	0	3	0	0	3	2	4	2	0	0	5	1	1	4	4	1	1	
386	21.93638058793179	-102.25267694228941	2	2	4	4	5	4	4	1	5	2	2	0	4	1	1	2	4	3	3	1	
387	21.925888319641338	-102.23950642976611	3	0	5	4	5	1	2	2	4	2	0	4	4	0	5	5	5	3	2	4	
388	21.924811628363926	-102.25300868255951	3	1	0	0	5	2	1	4	4	3	4	0	1	5	0	4	4	2	2	0	
389	21.935232720406496	-102.25873119576141	3	1	3	0	5	3	1	0	4	3	2	2	5	3	2	5	0	2	5	2	
390	21.926418880510138	-102.2615064709634	5	0	0	5	5	0	5	2	0	4	4	5	4	0	0	5	1	5	1	4	
391	21.93706744426948	-102.25506515570005	5	2	1	1	5	5	3	2	1	4	0	5	2	3	3	0	4	3	1	5	
392	21.918385810088182	-102.24242950065266	2	1	3	1	3	1	5	2	3	3	4	4	4	0	4	2	2	1	3	0	
393	21.926765126748418	-102.24362313605778	5	1	5	3	4	2	5	3	1	0	2	4	3	5	0	5	5	2	2	1	
394	21.924907614439892	-102.24518254109232	3	0	3	1	1	1	0	1	5	3	5	5	4	1	0	2	5	5	0	3	
395	21.919026380298362	-102.24277988646627	5	2	5	3	0	3	5	5	3	0	0	1	5	0	3	1	5	4	0	0	
396	21.941729663403663	-102.2443780835892	1	3	3	4	1	1	2	0	5	5	3	2	5	2	2	4	0	3	5	2	
397	21.932767542800637	-102.23918694734179	4	3	5	4	5	5	1	4	5	4	1	0	4	2	5	3	1	0	4	2	
398	21.92056203057699	-102.25346980958687	1	3	0	2	3	4	4	2	4	1	3	5	0	5	0	2	5	1	4	1	
399	21.93463845590208	-102.24151267613085	0	0	5	3	0	5	2	5	4	4	1	4	4	4	2	2	3	0	3	1	
400	21.93110329612793	-102.25630384026876	2	5	5	0	4	0	2	3	2	0	4	0	3	5	2	1	1	1	4	0	
