ID 	 X_COORD		 Y_COORD		 F1	F2	F3	F4	F5	
1	21.86823756472951	-102.31542936697754	4	5	1	5	2	
2	21.935146035845676	-102.31891733625889	0	0	5	4	2	
3	21.93887694874246	-102.32150445257464	3	5	2	3	2	
4	21.920610638860875	-102.3265944163216	2	3	4	3	1	
5	21.84014868410617	-102.29719291567068	2	2	1	1	3	
6	21.859356816507397	-102.30138090656163	5	5	1	5	3	
7	21.85161348262728	-102.30419991184768	3	5	3	5	2	
8	21.86783742859292	-102.29482492349163	4	4	5	3	1	
9	21.88285560831181	-102.29681211866848	4	5	5	1	0	
10	21.881829371397878	-102.29955406517283	3	0	5	1	2	
11	21.87412272055154	-102.28586263539133	2	5	3	4	2	
12	21.880414894677646	-102.296335497032	5	1	5	1	2	
13	21.88257740741065	-102.28555791158074	5	0	3	0	2	
14	21.90363834841363	-102.29187056395583	4	0	5	1	3	
15	21.904598666912342	-102.30259283789296	3	1	1	4	3	
16	21.898317032842147	-102.29564097194691	4	4	4	4	5	
17	21.913399261326177	-102.28971136542822	3	5	4	1	0	
18	21.89950990149504	-102.29242514282925	5	2	4	3	5	
19	21.90308897594798	-102.28726473556891	2	4	0	0	4	
20	21.902134361754527	-102.30483602625795	4	0	2	4	1	
21	21.910366003631406	-102.29913741099347	0	5	3	5	0	
22	21.92559734758303	-102.29486520001822	1	4	0	1	5	
23	21.941352273373933	-102.30273196287996	3	0	4	0	0	
24	21.939912954463942	-102.28795627870618	2	1	5	4	0	
25	21.931307754401715	-102.28731911012255	0	2	5	0	3	
26	21.93403622478608	-102.28785998800558	2	0	1	4	3	
27	21.942751884664297	-102.2882268538737	2	2	4	2	5	
28	21.940602354483584	-102.30523440962953	0	5	4	0	4	
29	21.927613944015686	-102.29552306681396	0	3	5	1	5	
30	21.92255847707979	-102.30532684558234	2	3	4	4	0	
31	21.930537651957582	-102.28982583935397	3	1	5	2	0	
32	21.85952497635634	-102.27446064140227	3	2	1	1	2	
33	21.856269992553777	-102.2755183466279	0	4	4	3	5	
34	21.884831032560392	-102.27593388713332	2	0	5	3	1	
35	21.8673006922136	-102.26285576203944	5	2	5	2	2	
36	21.887851311613183	-102.2816829513954	2	5	5	0	1	
37	21.88271755658526	-102.26683288643099	0	0	3	2	2	
38	21.881298116211656	-102.28391548416307	0	1	1	3	2	
39	21.885910121552563	-102.27905195620278	4	3	2	3	3	
40	21.873763063888536	-102.26436645402603	4	4	3	1	4	
41	21.890767619786892	-102.27763340950678	1	2	2	5	1	
42	21.90359600168413	-102.2692887316828	1	2	3	1	0	
43	21.90909803014861	-102.27203675469043	3	3	1	4	2	
44	21.902005338935663	-102.26548279152688	4	4	2	4	1	
45	21.898846033779147	-102.27509710525386	2	0	0	5	2	
46	21.90358586714883	-102.27990172519532	5	2	0	2	2	
47	21.939192276651802	-102.27046189655975	2	2	3	3	4	
48	21.93576048744324	-102.28293131966025	0	4	0	4	3	
49	21.920872175501007	-102.27570949708195	4	0	4	0	4	
50	21.943241527999557	-102.27507663955633	3	0	5	0	1	
51	21.93246316304466	-102.28185213266732	3	5	4	2	2	
52	21.932260097659608	-102.26566739008796	5	2	4	1	1	
53	21.940181641031153	-102.27348116183298	4	2	1	4	5	
54	21.926765119023546	-102.26238601039996	2	5	0	1	3	
55	21.92453195588915	-102.2735291091234	3	3	0	4	5	
56	21.939459181688818	-102.27557458906644	3	1	1	5	1	
57	21.939074748221874	-102.26866421027671	2	1	0	3	1	
58	21.922036303339166	-102.26998815187719	4	3	1	3	5	
59	21.937937280328768	-102.26591230636365	4	2	4	5	0	
60	21.936349673062086	-102.27155622603233	1	1	0	2	2	
61	21.932400702426165	-102.26594712574179	4	4	2	1	5	
62	21.925720951911455	-102.27129064501277	2	1	5	2	4	
63	21.922210965416763	-102.26925026496112	1	2	4	3	4	
64	21.917990602292495	-102.27975461317504	5	1	5	4	3	
65	21.94294691960883	-102.2814053237952	3	1	2	0	2	
66	21.9330123996536	-102.27342048813759	2	1	3	4	3	
67	21.845711979594565	-102.26036571714292	3	4	5	1	0	
68	21.842235202371366	-102.2492949430832	0	2	0	0	0	
69	21.845272868276357	-102.24054576049878	0	3	0	4	4	
70	21.86412088194741	-102.24855462797598	5	0	5	0	2	
71	21.8566714402975	-102.26001020787687	5	3	2	1	4	
72	21.880104260283424	-102.24903146008899	3	5	5	3	0	
73	21.884093966575865	-102.24294581278625	2	0	4	3	3	
74	21.886514485356248	-102.25161840529009	2	3	0	1	1	
75	21.87367261069941	-102.23920917932115	3	2	2	4	3	
76	21.907122081458628	-102.25141921858442	5	4	5	2	2	
77	21.89255713565706	-102.25647806612271	3	5	0	2	2	
78	21.898713818963316	-102.25948798963483	4	5	3	2	2	
79	21.91483987445538	-102.24179506213922	2	5	1	2	0	
80	21.89399550234453	-102.25980554132269	1	0	1	3	0	
81	21.9090856317993	-102.25698304060819	4	5	1	3	0	
82	21.904446840803505	-102.24489968862285	2	5	1	1	5	
83	21.9165640712318	-102.24576006880186	2	3	0	5	3	
84	21.910090346631726	-102.26104903271548	1	4	2	0	2	
85	21.89961355800117	-102.24476001018421	3	3	0	0	3	
86	21.936111707854703	-102.2432195449815	1	0	4	5	3	
87	21.94306973442352	-102.24152670462301	4	1	4	3	4	
88	21.92050542090268	-102.26059035135316	3	4	2	4	2	
89	21.92710252151345	-102.24878983768826	2	5	0	3	2	
90	21.92485484225663	-102.24637474618042	1	4	2	2	2	
91	21.93802159415769	-102.24685838421966	0	0	5	2	3	
92	21.94008845648544	-102.244221513	3	4	4	0	2	
93	21.940409158008116	-102.25459240784014	3	2	3	4	0	
94	21.93115956108598	-102.24515178839627	5	4	0	3	0	
95	21.936638698057504	-102.25118933395781	0	3	3	2	0	
96	21.91812375732354	-102.25779752779073	5	3	3	3	4	
97	21.936171771393113	-102.25333040333214	5	1	4	4	4	
98	21.943167558246667	-102.23927843451808	0	0	2	1	2	
99	21.921227718052872	-102.24901492064826	2	2	3	3	0	
100	21.932525168135545	-102.24838031023808	1	0	4	1	1	
