ID 	 X_COORD		 Y_COORD		 F1	F2	F3	F4	F5	F6	F7	F8	F9	F10	F11	F12	F13	F14	F15	F16	F17	F18	F19	F20	
1	21.855982241455006	-102.32265165264343	0	1	3	5	4	1	0	5	4	2	3	1	0	5	1	2	5	0	0	3	
2	21.852751871806415	-102.31407187502924	1	0	0	4	0	2	3	4	0	2	2	0	3	1	1	1	4	5	4	0	
3	21.877455914512943	-102.31899411831824	3	3	5	2	4	3	3	1	1	2	2	1	2	0	2	1	2	4	4	5	
4	21.873702444530654	-102.31832407162076	4	2	0	1	3	4	5	1	3	2	0	0	2	3	5	2	2	0	4	5	
5	21.889716850446778	-102.32404099233409	5	5	4	2	5	4	1	5	1	4	5	3	1	3	0	1	3	0	4	3	
6	21.885601710094537	-102.31896076270226	1	3	4	2	2	1	3	0	5	1	2	5	1	2	2	0	2	5	3	2	
7	21.911241544408032	-102.31510355375232	1	3	2	4	5	4	3	0	1	4	5	5	1	2	0	1	5	0	5	5	
8	21.910253689477337	-102.32124158102144	1	2	3	0	3	3	1	4	0	2	4	1	2	4	2	1	5	0	1	2	
9	21.919604862602256	-102.30669640707228	2	1	0	1	2	2	5	5	1	0	4	5	3	2	1	1	2	2	0	0	
10	21.917893371195778	-102.30860338680249	2	2	2	5	5	0	4	1	0	5	4	0	3	2	3	5	3	1	2	0	
11	21.93259432439441	-102.31057391552113	1	5	3	3	4	0	0	2	2	4	0	5	5	1	3	0	3	1	0	5	
12	21.937596147053235	-102.32516259893181	5	3	1	3	3	4	0	2	0	5	5	1	5	2	3	2	0	0	4	3	
13	21.941811625632756	-102.31039417027434	1	3	5	5	3	1	2	0	5	5	1	5	0	3	5	4	2	4	1	1	
14	21.92941932522854	-102.31022367529765	3	5	0	0	3	2	2	1	0	1	0	4	3	2	1	5	4	4	1	5	
15	21.92860704242836	-102.31059327791036	4	5	5	4	0	1	2	3	0	2	1	5	4	1	4	0	0	3	0	3	
16	21.920089016094167	-102.31121834640027	4	5	3	0	0	4	4	1	5	2	0	0	4	1	5	2	4	1	0	4	
17	21.92866133222321	-102.31313045584247	0	3	3	2	1	3	4	2	1	5	2	2	0	3	5	2	2	3	0	3	
18	21.93214274704524	-102.3233492631124	1	0	5	0	0	2	4	0	3	4	0	0	4	5	0	1	2	2	2	3	
19	21.937208636947503	-102.31755783897651	0	0	1	0	5	5	4	4	5	5	1	1	2	0	1	1	3	4	1	5	
20	21.92899162144385	-102.32106527468864	4	1	4	1	1	4	3	4	1	0	1	4	1	3	3	5	5	3	4	5	
21	21.86331686585216	-102.30599218934807	0	1	5	0	3	4	1	5	4	2	3	1	1	2	2	2	0	3	5	1	
22	21.842142887617012	-102.30174041477525	4	5	0	5	2	2	3	5	3	5	5	1	0	5	3	1	4	2	2	0	
23	21.865485758476545	-102.28479136185459	2	4	0	4	2	0	4	1	0	3	1	0	3	2	4	4	1	3	0	4	
24	21.858802767916906	-102.28587772214826	1	1	5	3	2	3	3	0	4	2	0	2	3	2	2	2	0	1	1	1	
25	21.84692388404408	-102.30457327952806	0	5	2	1	2	3	0	3	3	1	0	0	2	0	4	4	0	2	2	2	
26	21.84622669882739	-102.30477520293519	4	0	2	2	5	0	4	0	4	5	4	0	0	4	4	4	3	2	4	2	
27	21.860660594367943	-102.28718647883804	2	3	0	0	2	4	5	2	2	4	5	4	0	3	2	1	5	4	0	1	
28	21.845861575634597	-102.2990416516804	3	0	5	1	3	2	5	4	5	2	3	5	5	5	0	5	1	5	4	1	
29	21.84327502828484	-102.29853828976051	0	1	5	5	2	0	0	2	1	2	5	0	5	4	4	4	4	4	4	1	
30	21.862616124979148	-102.2956230242619	1	0	4	1	3	0	0	1	5	1	3	3	0	5	0	4	2	5	5	2	
31	21.854981555673813	-102.29592150019984	2	1	5	0	0	1	3	3	2	0	0	0	0	2	1	3	5	2	2	0	
32	21.850253562545916	-102.29855911448664	1	5	5	2	0	1	4	3	3	1	1	1	0	4	0	3	0	1	1	0	
33	21.881232085592224	-102.29486242584682	5	0	5	5	5	5	4	5	1	2	5	4	3	2	4	0	4	4	0	4	
34	21.867798930435622	-102.29211474306372	2	3	2	5	3	3	3	3	4	5	4	0	1	1	2	2	1	3	4	1	
35	21.871151383101555	-102.29101707491533	2	1	1	3	2	5	0	1	5	4	1	3	2	3	1	2	3	0	5	0	
36	21.877241675390433	-102.28865465321962	1	2	5	3	4	1	1	1	3	5	0	5	1	4	3	2	5	0	1	4	
37	21.867600742160576	-102.29046725601907	5	2	5	2	2	2	5	3	3	1	4	2	0	1	2	4	4	1	3	4	
38	21.883989729199044	-102.29254773566753	2	3	2	3	2	5	3	1	1	4	4	4	4	1	0	4	5	0	2	0	
39	21.867377369603922	-102.30408721286382	1	4	2	5	2	3	3	2	0	2	3	2	5	3	5	2	5	3	5	4	
40	21.88761267977799	-102.29362912605606	4	0	4	1	4	0	4	2	0	0	0	3	5	2	1	4	1	2	1	2	
41	21.8885953468465	-102.29032575613951	3	4	4	5	0	1	0	1	2	1	1	4	2	5	1	1	3	0	1	0	
42	21.879662261137746	-102.29733923916234	0	2	0	5	4	2	2	3	4	4	5	0	0	2	3	2	4	3	2	4	
43	21.86884106490027	-102.28697820195731	1	3	3	3	2	3	0	5	2	0	2	0	0	3	5	2	5	0	3	1	
44	21.880613624684276	-102.30163219933974	2	4	0	5	1	1	3	5	5	4	2	5	1	4	2	0	2	4	3	4	
45	21.884437427601334	-102.29124572381379	5	5	3	1	2	5	1	3	0	3	1	1	5	5	1	3	3	1	3	2	
46	21.879337298052363	-102.2919062843913	5	4	5	0	5	5	5	0	3	2	0	4	2	4	0	4	3	0	2	3	
47	21.881022293338006	-102.29385411862755	5	3	5	3	4	0	5	1	0	1	4	4	4	5	2	2	5	3	4	2	
48	21.88922736928055	-102.2938942415104	1	5	4	5	0	3	0	3	4	4	5	4	2	3	5	4	4	5	3	0	
49	21.872987950258857	-102.29824948243383	0	1	1	2	5	5	4	2	4	2	3	1	0	3	5	4	0	1	4	2	
50	21.8693289696022	-102.30311367109958	2	1	5	5	0	4	1	0	3	1	0	0	1	3	1	1	0	3	5	5	
51	21.877945954321053	-102.29981201350073	5	5	4	3	0	4	0	3	4	2	3	5	2	0	4	1	1	0	2	3	
52	21.869310523436386	-102.2963789126331	1	3	5	4	0	1	1	5	3	1	0	0	2	2	3	0	1	1	3	0	
53	21.885470485998265	-102.30412045318957	2	4	4	5	4	2	0	3	4	4	2	5	2	4	5	3	0	1	0	5	
54	21.877475623001416	-102.28757863906813	0	0	5	2	1	5	3	3	4	3	5	3	5	5	1	4	3	0	2	4	
55	21.869793818277465	-102.30047728369335	4	3	0	5	5	4	5	4	0	2	2	3	4	4	5	4	1	1	4	5	
56	21.881841109576776	-102.2977709448541	1	1	0	2	3	4	2	3	5	0	3	2	3	5	4	2	4	5	1	0	
57	21.914195825282118	-102.2875214574124	4	0	4	2	3	3	4	1	2	4	2	2	5	2	3	4	3	0	1	1	
58	21.901091488510794	-102.28525369001675	5	3	4	5	5	3	0	2	2	2	0	4	2	1	4	5	1	3	2	3	
59	21.897854937627926	-102.28629431063568	4	2	5	3	3	5	2	1	0	4	4	5	3	3	5	1	3	2	5	4	
60	21.90249188410098	-102.29901180573158	1	2	4	0	4	3	5	1	3	3	0	2	3	5	5	2	4	4	1	4	
61	21.8968720063825	-102.29428092291737	3	0	3	0	1	1	0	4	2	4	5	3	0	4	4	5	4	5	3	2	
62	21.907014973487204	-102.28850692380409	0	4	2	0	2	2	2	2	1	3	2	3	5	5	4	5	2	0	5	4	
63	21.897603598768768	-102.29461710737779	3	3	5	2	3	2	1	5	3	4	4	0	5	4	4	2	5	5	3	5	
64	21.910051591128102	-102.30628873628243	1	4	1	0	5	2	0	2	1	1	1	3	4	1	3	1	1	3	3	3	
65	21.91460765054255	-102.29351303366526	3	2	4	3	2	3	3	3	1	4	5	0	1	2	4	0	2	3	5	4	
66	21.896537122253935	-102.30173029091371	4	3	4	4	0	2	2	2	1	4	0	4	1	2	4	0	4	3	2	0	
67	21.896859781131347	-102.29328753056625	1	2	2	0	2	2	1	3	4	4	1	5	0	2	3	3	2	3	0	4	
68	21.89723870615559	-102.29563253959536	0	5	2	3	3	0	4	0	5	3	4	5	1	2	1	5	1	4	4	4	
69	21.90774877873261	-102.29624288475723	2	0	2	1	2	2	0	2	0	2	1	4	5	2	1	4	0	5	3	2	
70	21.903807048484783	-102.29660646226061	5	5	2	0	2	1	2	1	1	1	1	5	5	0	1	0	3	4	1	2	
71	21.91370366172222	-102.2977435185333	1	0	3	3	5	3	2	0	1	5	1	2	3	3	4	1	1	4	2	3	
72	21.9113520820059	-102.28478103124793	1	5	0	4	0	1	1	0	2	3	3	4	2	5	0	5	4	1	2	5	
73	21.89273028901646	-102.28885530925673	5	1	5	3	0	1	0	1	0	2	2	0	5	1	5	1	3	3	0	3	
74	21.914662911528293	-102.28961210169814	4	1	3	3	1	3	5	4	1	1	5	0	4	5	4	2	4	5	5	0	
75	21.910277116892228	-102.30117836584188	4	3	4	1	4	4	2	0	3	1	0	4	1	2	3	0	1	0	0	1	
76	21.90617138682934	-102.28532155804876	2	4	3	3	3	5	3	5	4	0	1	3	0	3	3	1	3	2	5	3	
77	21.90328113538582	-102.30229331393203	1	2	4	1	5	3	4	0	3	4	3	1	5	3	2	4	2	0	4	5	
78	21.89936269491373	-102.29809933083415	3	0	1	1	5	2	4	3	0	4	3	2	3	2	3	4	1	5	0	1	
79	21.901410123747322	-102.29067855271796	1	2	4	1	3	3	3	4	0	3	5	2	0	1	3	4	3	1	4	4	
80	21.894706208543926	-102.29081848457587	3	2	3	3	1	5	0	4	2	4	5	4	5	0	4	4	3	3	5	5	
81	21.90936635240774	-102.30074576230061	1	2	1	2	4	4	3	1	3	0	4	1	5	5	1	2	4	4	1	0	
82	21.90171411671667	-102.29932930418374	3	4	2	3	2	1	2	3	4	2	1	2	4	4	2	3	4	1	2	5	
83	21.902304237774022	-102.30388643657149	5	3	0	2	0	2	0	0	3	5	5	0	1	5	2	4	5	2	1	4	
84	21.893170477297048	-102.28974838984675	3	0	0	4	0	2	0	0	5	0	0	2	1	4	3	4	5	0	0	4	
85	21.901413308372092	-102.29538434951131	0	2	1	0	5	0	5	2	1	2	1	1	0	2	5	5	5	1	4	1	
86	21.903616239285714	-102.29128607778485	1	3	4	3	3	3	0	4	3	4	1	4	0	1	1	1	5	3	2	5	
87	21.915843381075206	-102.29947183423478	3	3	5	0	2	3	3	0	4	0	4	4	1	0	4	3	0	5	0	4	
88	21.914730880900525	-102.30294490848136	4	0	2	3	0	0	3	4	0	2	1	1	4	0	2	1	0	1	2	3	
89	21.939363795915902	-102.30065284029709	3	2	5	5	0	1	2	1	2	5	3	4	0	0	5	2	3	4	5	1	
90	21.932359210485266	-102.286644298673	4	3	4	2	2	1	0	4	3	0	5	4	1	4	1	4	2	4	1	3	
91	21.930872898915958	-102.28682279180346	5	1	3	5	1	4	5	3	4	4	5	5	4	2	4	3	3	1	0	5	
92	21.92157209740326	-102.30484410967283	0	5	4	1	0	0	1	0	0	4	1	2	1	4	3	4	0	1	5	4	
93	21.92293162193924	-102.29756601330178	0	3	1	4	1	0	5	1	2	3	4	3	4	2	4	1	5	3	1	4	
94	21.925198390360954	-102.30520116123215	4	2	2	5	0	0	0	1	1	1	5	2	4	2	1	1	3	1	1	5	
95	21.93256940286362	-102.30178074830208	4	2	2	0	0	2	4	0	4	4	3	2	4	4	1	2	3	1	1	2	
96	21.93801447517694	-102.29232827447326	2	0	0	5	1	3	0	4	3	3	0	3	3	5	2	1	5	5	2	3	
97	21.919248275170627	-102.28690699042099	5	3	0	0	0	5	2	5	3	4	3	5	3	3	0	0	1	0	1	0	
98	21.92903446568477	-102.30190792273712	1	5	1	2	1	4	3	3	1	3	4	0	2	5	3	4	2	2	0	5	
99	21.929707737861257	-102.28437238755855	1	0	4	0	3	4	5	3	4	0	1	5	1	3	4	1	4	3	5	0	
100	21.935560560215343	-102.29591680266695	2	1	2	3	3	2	0	1	1	5	3	0	2	5	1	1	5	1	0	4	
101	21.938636573130417	-102.30282893947927	2	2	1	5	0	1	0	5	0	4	3	5	2	4	4	2	0	2	3	4	
102	21.925138070438905	-102.29166726182423	0	4	5	0	1	2	1	3	1	0	5	0	2	2	5	3	5	1	3	3	
103	21.926509413298426	-102.2973689778172	0	1	1	2	3	3	5	5	5	1	4	3	5	4	5	5	4	1	5	1	
104	21.933334767890265	-102.30068812397553	1	0	3	0	2	4	3	2	5	4	2	4	0	3	0	3	5	4	3	5	
105	21.92871585817875	-102.29184584093137	1	1	4	0	1	0	2	1	4	0	1	5	0	0	5	0	2	5	5	5	
106	21.924505200366003	-102.29092454624835	1	2	3	2	1	2	0	3	1	3	0	4	2	2	3	2	5	0	1	0	
107	21.922226217295137	-102.29808915891977	5	0	3	0	1	2	5	0	4	1	2	5	4	0	4	4	0	4	0	5	
108	21.926437847939187	-102.30107276208804	0	5	5	1	0	3	2	3	4	0	5	2	4	2	3	4	2	4	2	4	
109	21.92701788346125	-102.30306200155009	2	2	4	5	1	5	4	0	0	2	4	5	3	4	1	4	2	2	4	1	
110	21.93343996192674	-102.29112026389998	2	2	4	2	5	5	0	3	0	1	3	1	2	3	2	0	4	3	3	4	
111	21.934672570384404	-102.30213810267497	4	1	5	2	4	4	5	4	0	3	4	2	5	0	2	2	0	2	4	3	
112	21.920693534116246	-102.28996016223114	2	0	2	4	4	2	3	5	1	2	5	0	4	0	1	3	4	0	0	0	
113	21.924794587368062	-102.29557889827304	5	2	5	0	2	5	5	5	2	3	0	3	5	3	1	0	0	3	4	0	
114	21.942861629473526	-102.30470112119004	0	1	1	3	5	5	1	3	0	0	5	2	5	3	0	1	2	3	2	1	
115	21.94045248293157	-102.29809361732833	0	5	4	5	0	2	2	1	1	4	0	1	1	2	2	1	5	0	5	5	
116	21.938956338225186	-102.289997247601	0	0	5	2	0	5	0	0	1	3	3	2	2	5	1	0	4	0	2	3	
117	21.931573444799227	-102.30486137256152	5	0	0	3	0	1	2	3	3	2	5	2	4	0	1	1	3	2	5	0	
118	21.920156437771137	-102.28649683435162	5	1	2	5	1	0	0	0	1	4	0	2	2	3	3	4	2	4	2	5	
119	21.922686818704545	-102.29126187443596	5	3	5	1	5	3	5	4	2	0	3	5	1	4	3	2	1	0	5	1	
120	21.91805912068853	-102.30294604073129	3	2	5	2	0	2	1	4	4	3	4	3	0	4	2	3	5	5	4	0	
121	21.925582422381154	-102.30250485413306	1	2	2	4	3	3	4	1	0	2	0	3	5	5	4	2	4	1	1	2	
122	21.91908414252854	-102.3019165101635	4	1	2	1	5	5	4	3	5	2	1	1	4	2	3	1	0	1	1	4	
123	21.9214305742384	-102.30212573305288	0	1	1	5	4	0	2	3	4	4	5	5	3	1	1	2	0	0	0	0	
124	21.92525749225142	-102.28743995911333	2	0	3	2	3	2	0	3	2	2	3	4	0	5	5	5	0	3	2	2	
125	21.938236236216753	-102.28821662988699	1	3	0	3	3	0	5	2	1	3	5	4	2	4	0	4	1	5	0	0	
126	21.92924585148226	-102.30445699384265	2	3	4	4	5	4	5	0	0	1	0	2	1	2	3	2	3	3	2	5	
127	21.935885568171567	-102.28535132039312	3	0	4	5	4	0	0	1	1	0	4	0	1	2	3	5	1	3	4	5	
128	21.928037583397806	-102.28980327860111	2	0	4	0	0	3	5	1	5	1	0	5	1	1	3	0	0	1	4	0	
129	21.84440863000608	-102.27341044211231	0	0	5	3	3	1	4	2	1	2	1	0	1	4	3	1	1	0	1	4	
130	21.84150867622897	-102.27871995680222	0	1	2	3	2	2	0	0	1	2	5	5	5	4	2	2	5	5	0	2	
131	21.851196701400355	-102.277809942434	2	2	0	1	0	1	4	2	2	4	4	1	4	3	1	0	0	1	3	2	
132	21.85104286458904	-102.2816895643548	4	0	4	1	2	1	5	1	2	5	2	4	1	2	2	1	5	4	5	5	
133	21.852948927353644	-102.2727649426113	3	4	4	0	0	1	3	0	2	3	3	2	0	0	5	0	1	2	4	3	
134	21.844713192317602	-102.26244597646466	4	2	5	1	5	0	3	2	2	3	5	4	1	2	0	3	4	1	2	3	
135	21.850596861611248	-102.26451583207722	1	0	1	4	0	3	1	3	1	5	3	0	3	2	2	2	0	5	1	5	
136	21.864040953162533	-102.27686790595257	4	5	4	4	4	1	1	2	0	3	2	4	1	5	4	3	5	1	5	2	
137	21.850235344518023	-102.27440114256734	2	3	3	1	4	0	0	0	2	5	5	3	5	3	4	5	2	1	4	0	
138	21.857828823709667	-102.27662790521794	0	4	2	0	5	5	1	0	3	0	4	2	5	4	3	4	4	0	4	4	
139	21.889422800369232	-102.26519547109712	2	3	3	1	2	1	1	0	0	4	2	3	1	2	4	3	4	3	3	3	
140	21.874378719640895	-102.28004158509407	5	4	4	3	2	1	5	0	1	0	4	0	5	1	3	0	3	1	1	4	
141	21.866188302186426	-102.27407699112574	0	3	0	3	5	2	4	4	5	5	5	0	0	1	4	1	4	3	3	2	
142	21.891542562584476	-102.27602802185041	5	0	0	1	1	1	4	5	4	2	4	5	1	2	0	4	3	3	5	4	
143	21.8831930719619	-102.26974972591636	5	5	3	4	0	2	3	0	0	3	0	2	4	0	3	1	1	0	0	5	
144	21.891152195776563	-102.2747886604306	3	2	5	4	3	2	4	2	3	4	4	1	2	0	0	1	5	1	3	4	
145	21.869297932019457	-102.27104148121961	0	5	5	2	0	2	3	2	2	1	0	1	0	3	1	3	5	1	2	0	
146	21.88175935456142	-102.27781028536093	4	3	3	5	2	2	3	4	4	0	1	1	0	3	3	4	5	3	2	2	
147	21.873307259947428	-102.26478710174747	1	3	0	4	0	2	1	5	1	0	2	3	0	3	0	1	3	1	3	3	
148	21.889902983839832	-102.27234291617678	0	5	1	5	1	5	1	5	4	1	4	1	3	2	2	1	4	3	3	1	
149	21.884740058317664	-102.27435399663976	4	4	0	5	1	3	4	5	1	1	0	3	3	5	3	5	5	4	0	1	
150	21.872063159788997	-102.27876161711285	3	3	4	2	2	4	2	0	5	4	4	4	4	2	3	2	3	3	5	5	
151	21.888894894791413	-102.2708768367651	4	3	5	3	2	4	5	3	1	3	4	0	1	2	5	4	1	3	5	1	
152	21.88027519613563	-102.28257865333775	3	3	3	0	4	0	1	3	3	5	4	5	4	4	4	0	2	4	4	5	
153	21.869147246518597	-102.28276774179984	4	1	2	5	0	4	1	2	0	3	4	3	4	4	2	0	1	5	2	5	
154	21.866654910786153	-102.26513855133149	4	1	5	4	2	2	0	0	3	2	0	3	1	4	0	1	1	1	2	3	
155	21.881620611584285	-102.28224869917958	5	1	3	3	3	4	3	0	0	5	4	3	3	2	4	4	2	3	0	4	
156	21.869556611628838	-102.27242257767742	3	5	2	5	4	3	4	5	5	2	0	3	3	3	3	0	5	3	1	4	
157	21.875330192350386	-102.282921170961	0	1	0	4	0	4	2	1	3	4	0	2	4	4	1	5	0	1	1	0	
158	21.87063915086182	-102.2616971963437	4	1	4	5	1	3	3	0	4	0	2	5	1	5	4	4	0	0	4	4	
159	21.873306423688735	-102.26269967549409	5	5	5	0	5	0	1	5	0	3	4	2	2	4	1	5	3	1	3	5	
160	21.867322993934938	-102.2708501766957	0	1	2	5	0	0	3	2	4	0	0	4	3	0	3	1	3	0	5	4	
161	21.86742531630925	-102.26214662158735	0	5	0	1	5	3	5	3	0	4	2	5	1	2	3	0	3	2	1	3	
162	21.889674729523737	-102.26377437339706	5	5	3	4	4	4	5	3	0	0	5	0	5	2	0	5	1	2	0	0	
163	21.884602107931972	-102.28313029768269	5	5	3	0	1	4	2	2	0	0	4	0	5	5	1	3	4	4	4	4	
164	21.87591917713355	-102.26427325212947	1	5	0	2	1	4	5	4	0	0	1	1	0	1	2	4	1	3	0	4	
165	21.869102933158185	-102.27756482053532	0	1	2	4	2	5	5	3	1	5	1	2	2	3	4	1	3	4	2	1	
166	21.88961619437007	-102.27558265646218	2	1	5	0	1	0	1	4	1	1	2	5	1	5	4	2	4	0	2	1	
167	21.8725910138439	-102.27466933725763	3	2	5	0	2	1	1	2	3	4	2	2	2	1	5	1	0	2	0	2	
168	21.888214904943805	-102.26848289004676	0	5	4	0	0	2	2	0	5	0	1	4	2	2	4	1	0	4	5	3	
169	21.86919000457358	-102.26974263462652	5	0	4	2	2	3	2	4	2	5	0	2	0	5	0	3	3	1	2	0	
170	21.883422733855625	-102.28096516647359	1	1	3	2	1	0	4	5	2	1	0	5	2	5	1	5	3	5	4	5	
171	21.914122462923732	-102.27961312189701	1	3	3	1	5	1	2	5	1	2	2	5	2	1	0	0	4	1	1	3	
172	21.916772049954748	-102.27176556254088	3	3	1	3	0	4	2	3	5	1	3	1	3	3	2	0	5	4	2	0	
173	21.907539967714126	-102.26891471448435	5	5	1	4	4	5	0	2	5	3	2	0	4	2	4	2	5	2	5	0	
174	21.90405214932984	-102.2829158417449	2	4	3	1	3	5	5	5	1	2	1	3	5	1	3	5	0	0	5	2	
175	21.89555596584627	-102.26730469370315	0	0	5	4	0	1	2	4	0	5	5	5	4	3	4	3	1	1	4	5	
176	21.908119517138413	-102.2697370477307	0	3	0	3	1	2	5	0	0	5	4	3	1	4	5	5	4	3	2	4	
177	21.894367871761887	-102.27849282349224	5	1	5	5	0	3	3	1	1	3	2	1	3	5	4	3	1	2	0	5	
178	21.91316615306418	-102.28227345899728	1	0	1	4	0	2	3	3	3	2	4	3	4	1	1	5	3	0	5	3	
179	21.90233822589132	-102.26503245377445	4	3	1	1	0	4	3	3	0	4	1	2	0	0	2	2	2	2	1	5	
180	21.90082225058165	-102.27504408452704	1	5	2	2	0	3	0	0	4	0	5	4	4	3	3	4	0	2	4	0	
181	21.905905005971004	-102.28396501058468	0	2	4	2	5	1	5	3	3	0	2	5	4	4	3	4	5	0	1	3	
182	21.910597160768454	-102.26811067550209	2	3	3	1	2	1	4	0	0	3	1	0	3	0	3	5	5	0	0	2	
183	21.91505710628042	-102.27763371291394	3	2	2	1	4	0	2	5	0	2	1	1	1	5	5	5	3	3	3	3	
184	21.90848396456363	-102.2806556914451	5	0	0	1	2	0	1	1	1	5	4	0	0	1	5	4	3	5	2	3	
185	21.895689327416644	-102.26356355153686	2	1	2	4	1	0	0	1	3	0	2	4	3	0	2	3	5	2	3	4	
186	21.90036393163167	-102.26989364065938	5	3	1	3	4	5	0	2	5	3	0	3	0	3	5	1	0	0	5	5	
187	21.895267646424045	-102.27577060304907	4	1	2	0	1	5	5	5	0	4	3	5	0	2	2	2	5	4	5	4	
188	21.907043363010562	-102.27545399595279	4	0	5	5	3	0	5	2	1	5	0	4	5	3	3	1	4	4	3	0	
189	21.90514228547208	-102.26451509805624	3	2	5	4	1	0	5	2	3	2	0	5	4	1	5	0	5	4	1	5	
190	21.896796421682208	-102.27422183318508	3	2	3	1	4	5	4	1	1	0	0	5	1	1	0	5	1	1	4	5	
191	21.921575193176515	-102.27134135559253	1	5	0	5	0	1	1	5	2	2	3	0	5	2	0	2	2	5	2	2	
192	21.938601252693903	-102.28046862977293	5	3	5	3	5	0	0	0	5	0	0	1	1	3	1	2	1	1	3	5	
193	21.922457358421852	-102.27330766892294	1	5	2	5	2	5	3	5	5	5	1	1	4	4	0	4	4	0	2	1	
194	21.926103660716482	-102.26842569820477	4	2	3	0	3	1	1	0	2	2	0	0	4	5	5	5	3	4	2	5	
195	21.93663067172698	-102.26239354699425	5	0	5	5	2	5	5	5	5	1	3	0	0	0	3	1	5	0	1	4	
196	21.934535996580664	-102.2712597964886	2	3	1	0	3	0	2	3	2	1	0	1	5	3	0	5	5	0	1	2	
197	21.91978847162447	-102.26891395232032	1	0	3	2	5	0	3	4	5	5	4	3	2	0	4	2	0	4	0	4	
198	21.93229609876085	-102.26580066441521	4	3	0	3	4	3	2	5	5	3	3	2	4	4	3	0	3	2	3	1	
199	21.924259196057335	-102.27868998047444	4	4	4	4	3	1	5	3	3	5	5	3	2	2	2	4	0	0	2	1	
200	21.931868717341448	-102.2837821761402	1	0	3	5	4	1	1	5	5	2	4	0	3	5	2	5	0	0	3	1	
201	21.92247948692848	-102.27457971897302	3	5	1	1	3	1	3	0	2	3	2	5	1	5	0	5	0	2	1	0	
202	21.920215642088824	-102.28016206483824	5	2	5	4	5	1	3	5	3	1	4	4	4	3	2	0	2	5	4	0	
203	21.942184006324574	-102.28272706213518	0	0	4	1	3	5	3	2	4	4	5	2	3	2	0	3	0	1	5	4	
204	21.92453713774326	-102.27544314741651	2	2	3	0	3	5	5	2	3	0	1	4	0	2	2	0	3	0	5	5	
205	21.921209815427805	-102.26336744966068	3	3	0	1	2	2	5	3	5	0	5	4	0	5	4	1	5	5	0	1	
206	21.940710712768542	-102.27324521336052	4	0	3	2	3	3	2	0	1	1	1	4	2	2	3	3	5	2	1	5	
207	21.93468138332014	-102.26637393959348	1	2	4	3	3	4	3	0	0	4	1	3	4	4	1	3	4	4	3	2	
208	21.93916295925316	-102.2627835314138	1	2	0	2	1	2	4	0	5	0	0	1	3	4	5	1	1	5	3	1	
209	21.920446290927796	-102.26936490683376	3	4	4	1	0	4	4	5	2	3	0	3	0	4	0	1	4	0	0	0	
210	21.941326189998346	-102.2617922826622	1	4	2	2	0	5	0	2	5	0	2	2	2	1	2	5	4	5	5	3	
211	21.92871552689773	-102.26235108831649	4	0	1	1	0	1	0	2	4	2	2	1	5	3	4	2	0	1	2	2	
212	21.924179720380078	-102.26798160724927	5	0	1	3	2	0	4	3	1	4	2	2	2	1	3	2	2	1	4	1	
213	21.93538001663826	-102.26539751424808	5	1	0	4	3	1	2	5	5	0	2	5	3	0	4	4	4	4	5	2	
214	21.924399650217005	-102.2778713032486	1	5	1	1	2	5	3	0	2	3	3	4	3	5	1	1	5	0	2	4	
215	21.94255897219003	-102.27039279541809	3	1	3	4	2	2	0	3	3	3	4	1	3	1	1	5	5	1	4	1	
216	21.93957034349134	-102.27556356980303	4	4	4	1	2	0	3	4	3	5	1	3	5	0	4	2	2	5	5	4	
217	21.923375722791373	-102.26957592031344	5	0	1	3	0	4	1	4	3	4	2	1	5	2	5	1	1	5	2	4	
218	21.923655293610594	-102.2755204245493	1	0	3	4	0	5	4	2	2	5	2	4	1	4	5	1	4	4	5	4	
219	21.934502048377936	-102.26871596780808	4	5	5	5	3	2	5	3	4	2	0	0	4	3	4	2	1	0	1	2	
220	21.94104813984705	-102.28290019374275	3	4	4	5	0	1	3	5	4	2	5	4	0	3	1	2	5	1	1	4	
221	21.9376287792107	-102.28337363331313	3	3	4	1	0	4	3	3	1	3	4	3	0	2	4	0	5	3	4	4	
222	21.94171052997172	-102.28364176538572	1	0	1	5	3	5	5	5	0	0	0	4	1	1	4	3	3	2	2	1	
223	21.940436542028237	-102.27034597181958	3	2	0	5	0	5	0	5	3	3	1	5	0	3	4	2	5	5	0	2	
224	21.9282948326977	-102.26230535278417	4	5	5	5	3	0	0	3	1	5	0	5	3	5	3	0	4	0	1	3	
225	21.919583157003657	-102.26188812812019	2	1	5	4	2	4	1	4	5	0	0	5	0	4	4	0	4	3	4	1	
226	21.931938539470202	-102.27841449532716	0	4	5	0	4	1	0	5	3	1	4	4	0	2	0	1	1	4	3	5	
227	21.93067345137554	-102.26501413990756	1	5	4	4	1	3	4	5	1	3	5	0	2	5	3	5	4	0	5	0	
228	21.92938004299244	-102.26992106822998	1	3	3	5	2	2	2	3	4	1	4	4	4	2	0	0	4	1	2	5	
229	21.925334345399623	-102.27474794072243	4	3	0	4	1	0	5	0	0	1	3	0	1	1	2	0	3	1	5	5	
230	21.917889761517547	-102.2778901156735	3	4	4	3	3	1	3	4	0	2	5	3	5	5	5	0	4	4	0	4	
231	21.934349295667616	-102.2761942960654	5	0	2	0	1	5	2	5	3	1	2	0	2	4	2	0	4	1	1	5	
232	21.928830667467388	-102.27018867254188	1	1	3	0	0	3	2	0	5	4	1	4	2	4	0	5	5	5	3	0	
233	21.919272145605646	-102.28020438695339	1	3	1	5	1	3	5	1	2	5	3	3	2	5	3	1	3	0	0	3	
234	21.923357225679453	-102.2731562202247	5	5	4	2	4	2	4	5	0	4	4	3	2	4	5	1	0	5	5	0	
235	21.93633561374246	-102.26530073858012	3	1	3	1	5	3	5	4	0	4	5	1	0	4	5	4	1	5	0	1	
236	21.923059775530405	-102.28075367342866	4	4	2	4	2	5	4	1	2	1	5	4	3	3	2	1	2	2	1	2	
237	21.922516765209775	-102.27113007265635	2	1	2	2	2	0	5	4	3	5	1	1	0	0	0	5	2	4	2	1	
238	21.925644605729357	-102.26914963398764	1	1	0	0	1	5	3	1	1	0	5	2	5	2	3	1	3	4	2	5	
239	21.942489738608142	-102.26781505912388	5	5	0	4	4	0	1	5	5	2	1	3	2	3	3	4	3	0	0	0	
240	21.931372096944177	-102.27387155197162	3	5	0	2	3	1	3	2	4	4	4	1	1	3	4	0	4	3	3	4	
241	21.928531154222213	-102.2633776891997	2	2	1	5	4	1	2	4	3	3	3	1	2	2	0	2	4	1	3	2	
242	21.93720792562397	-102.26162778391253	1	2	1	3	4	4	5	3	2	0	3	5	0	0	0	5	2	2	3	2	
243	21.92753447257553	-102.27627294065894	0	2	5	3	5	1	5	0	3	3	1	5	0	0	2	2	5	2	0	0	
244	21.92446781373125	-102.26590719467792	2	0	0	3	5	0	4	1	3	3	4	1	5	0	4	3	0	1	4	1	
245	21.929925104501184	-102.26341289180012	5	5	4	2	1	3	2	2	4	0	0	5	5	3	0	0	5	2	3	5	
246	21.93074551449423	-102.26398148388071	3	2	2	5	1	2	0	2	4	1	5	1	1	2	4	3	4	2	4	3	
247	21.940019447752217	-102.27016502230576	3	5	3	2	2	0	5	4	5	4	4	3	1	2	5	2	3	0	1	2	
248	21.9356875474603	-102.27072265520857	1	0	1	1	3	3	2	2	4	3	4	0	3	2	2	0	2	5	4	1	
249	21.921140725880452	-102.2762278370473	4	1	4	3	4	0	5	3	5	2	4	3	1	2	1	3	4	5	1	0	
250	21.928714153407242	-102.26996720334286	2	4	0	3	5	5	4	0	2	5	2	4	3	1	3	2	4	3	5	1	
251	21.936451447205915	-102.2661184753258	1	5	5	0	3	2	1	5	4	1	3	1	3	0	1	2	0	3	4	3	
252	21.931686411965714	-102.2766395886543	0	2	3	4	5	1	3	2	4	2	0	2	4	1	5	2	3	3	3	0	
253	21.92380620549288	-102.27662857236069	4	3	4	5	0	1	0	0	2	0	3	4	2	3	0	2	3	1	0	4	
254	21.940017762008562	-102.26699177562668	4	5	5	4	0	5	3	0	5	3	1	5	4	4	5	0	2	5	5	5	
255	21.921065392936477	-102.26509432130251	5	1	4	3	3	4	2	3	2	4	0	3	4	4	5	2	0	4	3	0	
256	21.925842415999693	-102.27146522788418	1	3	2	0	3	1	5	2	1	1	2	1	5	5	4	1	5	5	5	2	
257	21.92558384071752	-102.27215262194038	3	0	3	5	3	3	0	1	0	5	1	3	2	1	2	2	1	3	4	5	
258	21.92728181971065	-102.26519927484722	5	5	0	2	1	2	1	0	3	5	2	1	4	4	5	5	1	0	4	3	
259	21.937820163208702	-102.27655974915317	3	2	0	5	5	1	3	4	3	3	0	1	1	4	4	0	4	4	4	2	
260	21.923445558128115	-102.28167715381076	3	0	4	2	4	2	4	2	2	4	2	5	2	5	4	0	5	2	5	0	
261	21.923380238489756	-102.26637967249042	2	5	0	1	0	5	2	5	5	2	5	1	5	2	1	1	0	5	0	3	
262	21.930308182771956	-102.27506917963417	4	3	3	4	3	1	3	0	2	1	5	2	4	5	1	5	2	2	4	2	
263	21.93045882809847	-102.28114424594774	4	5	0	3	3	0	0	3	5	1	2	1	4	3	2	1	5	5	2	3	
264	21.923416662502632	-102.27321418654697	5	2	4	4	2	5	3	0	0	0	5	3	3	0	4	2	5	2	3	2	
265	21.935373098353978	-102.26186980268051	0	0	4	2	2	3	0	5	0	4	5	0	5	5	3	0	1	5	1	5	
266	21.92768379676972	-102.264596750699	3	3	5	5	1	2	3	1	1	2	0	1	0	5	3	5	3	4	3	5	
267	21.940095284921245	-102.26915795228308	3	1	1	0	2	5	4	4	2	2	1	5	0	1	0	0	1	2	3	0	
268	21.935670451794977	-102.2809420619123	0	0	0	0	3	2	2	1	4	3	2	2	4	0	5	3	2	2	1	0	
269	21.92911702016342	-102.2687507053574	0	3	5	2	0	4	5	1	3	2	5	3	1	0	0	5	0	2	3	1	
270	21.938761703686332	-102.26169202057591	3	4	1	4	4	3	5	3	3	4	2	1	1	2	1	5	5	0	2	0	
271	21.859243420732867	-102.24335994408128	2	2	3	3	5	4	1	2	3	4	3	2	0	2	0	3	4	5	3	1	
272	21.851066356398146	-102.25784203374846	2	4	5	5	2	4	5	0	4	2	1	1	3	4	4	1	5	3	3	2	
273	21.85135952280627	-102.25910772270927	5	1	0	3	3	5	3	4	5	2	1	2	5	5	2	1	1	3	2	1	
274	21.848204693609915	-102.24908370319285	2	1	0	3	2	2	1	5	3	2	3	2	4	5	2	2	2	1	5	0	
275	21.858177549667474	-102.26050137603681	4	0	5	5	4	3	1	1	4	2	4	1	2	5	4	4	4	2	0	5	
276	21.85632821499126	-102.2485147219824	3	2	3	5	1	0	5	1	2	3	2	3	1	2	2	5	1	1	2	5	
277	21.841883460091317	-102.26039347329464	5	2	4	1	2	0	0	1	2	2	0	0	1	5	1	5	4	4	1	3	
278	21.854380233259104	-102.25890527741353	4	0	1	4	5	4	4	0	4	4	1	4	4	2	0	1	4	4	0	1	
279	21.84316515940665	-102.24732850013095	3	1	0	0	2	1	0	5	5	5	3	0	5	3	1	3	3	2	1	1	
280	21.865477909841662	-102.2608488792884	5	0	5	4	1	0	3	1	4	4	5	1	4	0	1	3	5	1	0	4	
281	21.85526255556643	-102.2457279996563	2	1	4	5	4	2	0	2	2	1	4	2	4	0	0	3	2	5	3	3	
282	21.85518083640925	-102.26111479237146	4	4	1	0	1	3	4	2	3	5	3	4	2	5	3	3	5	2	3	3	
283	21.85269199578209	-102.24141275172308	0	2	5	4	1	0	4	5	0	2	5	0	2	3	4	5	1	2	2	4	
284	21.840876830321278	-102.24332836710042	5	2	2	0	2	0	2	2	2	5	3	3	4	2	4	1	2	1	2	0	
285	21.862322783807304	-102.24866778510862	3	0	4	5	1	1	3	1	2	3	0	5	3	2	3	2	2	1	5	0	
286	21.843455929714473	-102.2573177493151	2	5	0	4	4	3	1	4	2	0	5	0	3	5	1	1	2	3	4	3	
287	21.85572708470623	-102.25317982446337	2	3	5	1	5	4	2	5	0	5	4	1	4	0	1	0	3	5	4	1	
288	21.850546274612007	-102.24636909298279	1	1	1	5	3	5	2	1	4	3	1	0	1	1	5	5	0	4	1	3	
289	21.859109392454826	-102.25034374183328	4	4	2	4	0	3	3	1	4	0	1	4	1	2	5	3	5	1	3	4	
290	21.861964732700454	-102.24584632622302	4	5	5	4	2	3	1	1	0	4	1	4	2	2	3	5	3	5	4	1	
291	21.877779697573796	-102.24942066007753	2	0	4	1	3	3	0	1	1	4	4	0	5	3	4	3	2	3	5	4	
292	21.88387085377173	-102.2440734939374	4	4	0	4	0	1	1	0	3	5	4	1	3	4	4	1	5	4	0	3	
293	21.8833200377188	-102.25376650393513	1	5	0	3	2	1	3	3	4	1	2	2	0	5	4	4	0	2	2	5	
294	21.886152332018245	-102.24059116329619	0	5	1	0	1	1	0	4	5	0	0	0	0	5	3	5	3	0	5	2	
295	21.868016285663046	-102.2441602811081	1	1	3	4	3	0	5	4	3	4	3	1	4	4	2	3	5	2	2	4	
296	21.890209884938013	-102.25853121520527	1	1	2	2	4	4	5	3	0	0	4	2	0	0	2	1	1	5	1	0	
297	21.885614248068443	-102.25139681560863	0	5	2	0	5	4	1	5	5	5	1	1	5	2	2	3	2	4	3	0	
298	21.877369281969376	-102.24341007781	0	0	5	2	2	3	1	0	5	1	1	4	2	3	0	0	0	1	5	3	
299	21.87383955633051	-102.24415058996262	3	1	4	3	2	1	5	4	1	1	2	4	5	5	1	3	2	4	2	5	
300	21.873708544834592	-102.25600347927286	1	0	0	5	2	0	5	4	2	3	1	4	1	4	3	0	3	5	5	5	
301	21.87714513457746	-102.25756880813148	3	2	4	0	4	0	1	2	4	5	3	1	2	1	4	4	2	1	2	5	
302	21.86936042169441	-102.24545562096293	0	5	2	2	5	1	3	0	3	3	3	5	4	5	4	3	2	4	2	4	
303	21.869766087459997	-102.2443646666476	3	0	2	0	2	5	4	0	4	0	0	3	3	0	1	0	4	2	0	5	
304	21.87079407798063	-102.2473572580976	5	1	2	1	5	5	3	3	3	2	2	5	1	2	4	0	2	1	5	1	
305	21.88303010635851	-102.24468746840209	2	3	4	4	0	1	1	2	2	5	0	0	3	4	3	2	0	5	4	1	
306	21.881353490671394	-102.24079133206301	1	0	2	0	0	4	5	2	4	1	5	1	0	4	3	4	3	5	1	2	
307	21.87907187469379	-102.2548876297872	3	0	5	3	4	1	0	3	5	2	2	5	3	3	3	1	4	0	2	0	
308	21.89093367999646	-102.25999487278344	1	4	2	0	1	2	3	0	4	4	2	3	1	5	2	5	2	3	2	2	
309	21.894140792355323	-102.24648371036692	0	4	3	3	1	0	0	4	1	2	2	1	5	1	5	4	0	0	3	2	
310	21.90362948490675	-102.25037080226997	3	0	1	2	3	4	1	1	1	5	0	3	4	2	5	5	0	2	4	2	
311	21.899873226118054	-102.24323730783401	2	5	5	3	3	0	5	5	5	2	5	1	2	3	4	4	0	0	4	0	
312	21.900271166319225	-102.25437267880434	0	5	2	0	1	1	5	3	0	4	1	5	3	3	5	1	0	2	1	0	
313	21.9065247451898	-102.25425743983718	2	4	3	2	3	1	5	0	5	0	4	4	1	5	5	0	2	5	2	1	
314	21.909399661835582	-102.24705710917914	4	0	5	0	5	2	0	1	0	0	2	5	1	3	3	1	5	0	1	3	
315	21.917395844867553	-102.25586099599114	0	5	4	1	0	5	0	1	2	5	5	5	3	0	0	3	2	3	5	0	
316	21.896921517702964	-102.25018748609506	5	5	2	3	1	1	1	5	1	3	4	3	5	5	0	2	5	3	4	2	
317	21.90713305277419	-102.25983918886475	4	2	3	5	2	5	4	1	0	0	1	3	2	0	3	0	0	2	5	4	
318	21.913079735219934	-102.24724284463358	4	5	3	4	4	4	1	5	1	4	0	4	5	3	2	3	5	3	4	0	
319	21.89322880327961	-102.25501258451445	4	4	3	0	4	2	0	1	0	2	2	5	2	5	1	3	2	4	0	0	
320	21.915244937817892	-102.25429831522979	0	4	5	3	5	2	4	3	2	0	5	3	2	3	1	4	2	0	2	3	
321	21.8990484356332	-102.24405254467382	4	4	5	4	2	5	2	5	3	5	0	4	0	0	4	0	3	0	3	2	
322	21.90515872936315	-102.25552756841525	4	1	0	2	2	3	4	4	5	2	2	5	0	2	0	3	4	4	5	0	
323	21.904154996689655	-102.24840919692839	1	0	2	4	3	3	2	5	0	5	3	4	4	4	4	0	0	3	1	1	
324	21.91743063141424	-102.25958790029193	2	4	3	4	1	2	4	2	4	0	5	4	2	0	3	2	1	2	2	5	
325	21.893785481553238	-102.25806731503516	0	2	1	1	5	5	4	3	5	3	3	4	5	3	2	2	1	4	2	2	
326	21.90780846475048	-102.24265507959716	5	2	3	1	0	4	4	2	3	1	0	3	5	4	1	4	0	2	1	4	
327	21.895273622250638	-102.25655993985212	3	2	4	4	2	3	5	4	1	0	4	3	4	0	4	3	2	2	2	2	
328	21.907460367792737	-102.25407385532188	2	4	3	2	5	5	4	0	5	2	1	3	2	4	1	0	3	2	5	0	
329	21.898827273555064	-102.25348488744085	3	2	5	4	2	3	1	4	4	4	1	0	3	0	2	2	1	1	4	3	
330	21.896571129675998	-102.25650549280876	1	0	1	3	3	5	5	0	3	0	0	0	4	3	4	5	2	4	1	2	
331	21.91351545017707	-102.25283050944729	5	3	2	0	1	3	3	0	3	1	2	3	5	1	5	3	5	3	5	1	
332	21.90402987584838	-102.2432156091303	2	2	2	3	4	1	0	0	4	5	2	2	5	1	1	1	1	4	5	5	
333	21.89588974234933	-102.25928551769907	5	0	4	2	5	3	3	5	0	2	3	4	2	5	0	0	3	1	4	3	
334	21.915338940927338	-102.25969388299046	4	2	0	1	3	0	0	1	0	1	5	0	5	2	4	1	1	3	2	5	
335	21.912339491640836	-102.25345242567833	1	2	5	5	5	5	3	5	5	1	4	1	3	2	1	2	0	1	4	3	
336	21.914975020286615	-102.24337574818261	3	5	2	0	1	2	3	5	2	5	3	4	5	0	5	3	4	4	5	0	
337	21.904386216311458	-102.2567727436298	4	2	0	3	2	1	2	2	5	1	4	1	3	2	4	2	3	1	5	2	
338	21.91588347534737	-102.24144209803893	2	5	2	3	0	1	1	3	0	0	2	3	0	2	1	2	1	5	1	4	
339	21.91357461840412	-102.24599969865334	0	2	0	2	2	4	5	1	5	2	2	0	5	3	4	3	0	0	4	0	
340	21.913386497812617	-102.25959229636562	0	4	3	2	5	3	2	1	5	1	1	4	1	4	0	2	2	2	5	1	
341	21.927891414118637	-102.25080503644352	0	1	4	4	2	1	1	4	1	1	2	0	4	4	0	2	3	4	0	2	
342	21.917927932598026	-102.24094256416535	2	3	0	4	2	1	3	1	2	4	2	5	5	3	4	0	1	3	5	1	
343	21.928409848284847	-102.24996982196186	4	0	4	4	4	3	5	0	3	1	2	0	1	4	3	3	3	5	2	1	
344	21.929543048213997	-102.25476413456747	3	2	5	0	5	1	0	3	3	0	0	4	4	5	2	4	4	1	3	0	
345	21.927451317206682	-102.24311479809009	4	2	2	3	3	3	3	3	4	1	5	0	4	1	0	2	1	0	0	3	
346	21.938641601846957	-102.24758929660422	1	0	5	5	5	4	4	1	1	2	5	5	3	1	1	3	4	4	2	1	
347	21.940467567138075	-102.2404326700749	0	4	3	1	1	2	1	0	5	4	3	5	4	5	4	1	3	1	2	0	
348	21.919518624751092	-102.2423761020137	0	4	0	5	3	4	4	5	1	2	3	2	2	2	2	4	2	4	1	3	
349	21.920797803274787	-102.26025351894967	2	4	5	1	5	0	2	3	0	1	0	2	2	4	4	2	3	3	1	4	
350	21.943118587990533	-102.2566451028072	3	1	0	3	5	3	4	0	3	4	4	5	3	4	2	4	4	3	1	3	
351	21.924063161028005	-102.25872151004005	1	0	5	3	1	3	2	3	5	0	5	0	0	4	1	0	1	2	0	1	
352	21.92528903708647	-102.25651894254422	2	0	0	3	2	1	3	3	3	2	4	2	2	4	3	1	4	2	4	3	
353	21.939826011035148	-102.24283868253738	3	3	2	4	3	3	1	1	4	1	0	0	3	4	0	3	0	1	0	5	
354	21.919550033759414	-102.25072177082271	5	5	2	0	4	4	2	2	3	2	5	5	4	0	3	5	5	2	5	2	
355	21.942791628847782	-102.2505525790903	5	3	4	4	0	2	1	3	1	4	2	4	1	4	1	4	4	0	4	3	
356	21.921022072512184	-102.2613180934999	1	2	4	0	1	0	5	1	4	4	2	0	0	1	2	5	1	2	4	5	
357	21.94202112848215	-102.24949346351907	0	2	4	4	1	1	1	3	1	4	1	3	1	2	4	3	1	5	2	0	
358	21.936240706361747	-102.24257312041195	0	3	3	3	2	3	5	2	0	4	1	3	5	4	1	0	0	1	3	2	
359	21.922639628890437	-102.24498052613522	4	5	3	3	3	3	5	1	5	1	2	5	5	5	2	3	5	2	0	2	
360	21.930192664383465	-102.25207939964545	3	0	1	5	3	1	2	3	1	1	0	3	4	4	5	0	5	3	1	3	
361	21.939594930592943	-102.26005363787834	1	2	1	5	1	3	5	0	0	0	1	1	1	5	3	5	1	3	0	0	
362	21.927387888171907	-102.24392997493503	5	0	2	4	1	4	4	2	4	4	1	2	3	2	0	1	5	0	3	5	
363	21.924527128685913	-102.24955403110607	4	5	4	4	4	1	3	2	5	4	3	1	3	0	1	0	2	1	5	5	
364	21.937175517900762	-102.25008043780066	2	0	3	2	1	0	3	2	3	3	4	2	0	4	5	3	2	2	4	1	
365	21.9374535389121	-102.25341827374989	1	0	0	2	1	5	1	5	4	5	5	2	1	1	5	3	4	3	1	4	
366	21.921145421900743	-102.2405199297186	0	1	4	0	1	5	4	2	1	2	3	2	2	1	1	4	4	2	0	4	
367	21.926460656549107	-102.26104197570419	4	1	1	0	2	3	2	5	1	4	1	1	0	5	4	1	1	4	0	1	
368	21.91858249033839	-102.26036574021843	1	0	4	0	0	3	0	4	2	4	2	5	3	1	4	2	2	1	1	1	
369	21.93197807733291	-102.23914982386906	4	4	4	2	2	5	1	4	0	1	4	1	0	1	2	5	2	1	0	0	
370	21.94273807961672	-102.25229929936211	0	5	0	5	5	5	0	2	4	1	5	5	2	3	0	4	1	2	2	2	
371	21.92339165257953	-102.25003617285799	4	3	4	3	3	3	0	3	3	0	2	2	4	5	2	0	5	3	4	3	
372	21.923530261141988	-102.2540409264313	3	0	1	4	4	1	4	2	3	5	5	1	0	0	1	5	5	4	2	0	
373	21.943346245108938	-102.25017876191004	0	4	4	3	2	1	4	4	0	2	5	0	0	2	3	2	3	2	5	0	
374	21.92167990602617	-102.24722320065904	0	4	0	5	2	2	0	4	3	3	5	4	1	4	4	5	5	0	2	4	
375	21.922834874220428	-102.24720439895374	5	2	1	1	3	1	1	0	5	5	4	2	4	0	3	4	5	4	3	0	
376	21.93974551512819	-102.24447060725466	0	3	2	3	4	5	1	5	3	2	3	4	5	5	1	4	5	0	3	5	
377	21.923915203205148	-102.2576795833616	4	0	4	4	5	0	3	4	1	0	1	1	4	4	4	4	0	4	4	5	
378	21.93153586659535	-102.2434462148684	1	5	0	2	5	4	2	2	0	2	1	4	3	1	4	1	4	0	1	4	
379	21.9178093427685	-102.24225244892028	3	4	3	4	0	1	0	1	0	3	4	5	1	2	4	5	3	3	1	1	
380	21.937147696177743	-102.25107508495121	2	3	3	4	4	2	5	1	5	2	2	1	2	3	4	2	4	1	4	5	
381	21.938285028636365	-102.25324119117512	1	1	2	2	3	2	4	3	2	5	4	2	0	0	2	1	0	2	1	2	
382	21.926607993810062	-102.25935319904524	0	5	1	5	3	5	2	5	5	2	0	5	1	4	1	0	4	1	0	5	
383	21.941967878568185	-102.25965007624221	3	4	1	5	5	0	1	1	4	0	1	5	4	5	3	4	2	5	2	4	
384	21.930536238588218	-102.25734893190312	2	1	3	1	0	3	5	4	1	3	4	5	3	3	1	1	1	0	2	4	
385	21.9301642425453	-102.25487802430652	3	1	1	4	0	2	0	4	2	4	1	1	3	0	3	3	4	1	5	3	
386	21.923432312400077	-102.24906912141238	3	4	5	1	2	0	3	4	0	1	2	0	0	1	4	1	0	0	4	3	
387	21.925339111267412	-102.24842071371236	0	3	4	4	4	5	3	3	2	4	1	5	1	3	5	3	5	4	1	0	
388	21.92581938309378	-102.26042810531794	2	1	4	5	0	4	3	2	0	5	4	4	4	2	4	2	2	4	2	3	
389	21.92673546519548	-102.25538945287019	3	1	5	3	4	1	2	2	2	2	3	5	2	3	2	5	2	3	0	2	
390	21.929787919873057	-102.24310088364139	2	2	4	2	2	4	3	0	4	4	4	1	2	5	1	2	2	0	4	1	
391	21.926881242510255	-102.24947359915635	2	3	0	0	4	2	1	1	0	0	5	4	1	0	4	4	2	2	3	4	
392	21.93097734355932	-102.25851170977874	3	3	2	3	4	4	3	2	3	5	3	4	2	5	5	2	2	3	1	4	
393	21.934623153794423	-102.24112596524539	0	3	0	4	0	3	1	0	4	5	5	0	0	2	4	2	4	5	3	3	
394	21.921782827400058	-102.24444903717438	4	5	4	1	3	3	3	3	4	2	3	4	3	5	4	5	4	1	1	1	
395	21.92807240667171	-102.26067232181758	3	1	1	3	1	0	2	2	0	3	0	5	5	1	5	2	3	4	1	0	
396	21.926704452257816	-102.25890931780042	0	1	1	0	5	4	1	5	4	4	4	1	4	1	5	5	0	1	5	3	
397	21.921809774020222	-102.25897500776937	0	5	2	1	3	3	2	1	1	2	3	3	4	1	3	0	0	4	0	1	
398	21.92686164026306	-102.2419468124819	2	0	4	0	0	2	1	3	0	2	5	2	5	1	3	2	5	3	1	3	
399	21.92617955915602	-102.24453333366927	3	1	4	0	3	4	0	3	3	3	5	1	4	2	5	4	4	3	3	4	
400	21.930029112208246	-102.25040161919645	4	4	4	3	3	2	1	3	2	5	5	4	2	2	2	4	5	1	5	4	
