ID 	 X_COORD		 Y_COORD		 F1	F2	F3	F4	F5	F6	F7	F8	F9	F10	F11	F12	F13	F14	F15	F16	F17	F18	F19	F20	
1	21.858005891141186	-102.31166998777053	4	4	2	2	3	3	4	1	4	0	0	5	3	0	1	2	2	2	0	5	
2	21.86580953988515	-102.3179444471597	3	1	4	0	1	5	0	2	3	2	4	0	5	0	2	3	2	3	4	4	
3	21.88079254851507	-102.32447722281223	1	3	1	2	4	0	1	1	3	0	3	2	1	0	3	4	3	1	3	0	
4	21.877981830083186	-102.3244208211132	4	2	4	5	3	3	3	5	0	1	0	1	4	2	3	2	2	2	4	5	
5	21.871445258951198	-102.30814444431127	3	4	0	3	3	3	5	4	5	5	3	3	1	1	1	4	2	2	5	0	
6	21.890896389492063	-102.3079629789881	0	1	2	4	1	5	0	1	5	0	0	0	0	3	4	4	3	3	0	5	
7	21.905727677026356	-102.30944477208773	4	2	3	3	1	4	2	2	5	1	5	4	5	0	2	2	5	1	2	2	
8	21.892449964849927	-102.31279118330838	3	3	3	4	3	4	3	0	1	2	3	4	1	1	4	3	1	5	3	4	
9	21.930656801488002	-102.30852563565446	2	5	1	3	3	3	1	3	3	3	1	2	5	1	1	0	0	1	5	3	
10	21.92739714486353	-102.30905281631694	1	3	5	3	5	4	5	2	4	5	2	2	3	0	3	5	1	5	0	1	
11	21.930618702953204	-102.31213198545973	0	3	5	0	2	0	5	0	3	3	3	0	3	2	4	1	2	2	0	3	
12	21.94128532370629	-102.31202477098907	5	0	4	5	4	2	2	4	0	5	4	1	5	0	0	5	3	4	2	4	
13	21.921062887407185	-102.30793852573107	3	5	4	3	5	2	1	3	3	4	2	5	3	1	3	2	4	2	2	1	
14	21.92646016571645	-102.31943922367408	1	3	1	5	2	5	0	4	4	0	0	2	4	3	2	5	0	5	2	0	
15	21.93815913495824	-102.30868537506454	2	5	0	5	4	0	1	3	3	5	1	3	1	3	3	4	5	4	1	3	
16	21.93758596220852	-102.32182460431981	5	1	2	1	0	5	5	2	3	1	0	3	2	2	5	1	1	4	5	1	
17	21.92207292763693	-102.32791785948866	2	4	2	3	4	5	1	1	0	5	3	0	0	4	5	5	2	4	2	4	
18	21.936592788164152	-102.3141558708484	5	1	0	3	0	3	0	2	4	4	1	2	5	2	3	0	1	5	5	2	
19	21.942751567122894	-102.32107651525997	3	4	2	2	3	4	3	5	5	4	1	3	5	3	0	5	3	3	4	1	
20	21.919448407122772	-102.32004687557658	2	2	3	5	2	4	1	3	3	3	0	5	5	0	1	4	0	1	3	0	
21	21.858843381642384	-102.30400276318026	0	0	2	4	2	1	4	2	2	2	5	4	5	5	4	1	4	1	5	0	
22	21.859608215129384	-102.28620971966309	5	3	1	2	0	4	4	3	1	0	0	4	4	1	2	4	5	4	4	5	
23	21.8625893526278	-102.29003085993413	5	1	0	0	3	4	3	0	5	0	5	5	3	0	3	3	0	4	0	3	
24	21.848002360097524	-102.28757611403609	0	4	0	5	5	2	4	0	2	3	0	4	5	2	0	2	0	0	1	1	
25	21.858961062926323	-102.30340642804676	2	2	0	2	4	0	4	4	4	2	2	5	0	5	5	4	0	3	2	5	
26	21.85453773182895	-102.29848203951093	1	4	2	0	1	1	5	0	2	3	3	1	4	4	3	2	2	1	5	5	
27	21.857967341757185	-102.29893811830203	2	0	1	5	2	2	0	5	1	0	0	4	2	2	5	0	2	5	4	4	
28	21.858478427277646	-102.30113198010999	2	2	4	3	1	0	1	3	4	5	4	3	0	4	3	3	5	3	4	2	
29	21.841720905871	-102.30278654529305	1	0	3	5	2	3	0	0	0	0	2	0	3	3	1	2	5	3	3	1	
30	21.85266860674289	-102.30460524413265	0	2	3	0	1	5	5	5	1	0	5	2	1	3	2	5	4	0	5	0	
31	21.860063159197182	-102.29948753532061	1	4	2	5	2	4	2	0	1	3	3	4	0	1	0	3	2	2	2	2	
32	21.84932709054749	-102.30485877703424	2	5	2	2	4	5	1	0	5	1	4	1	2	4	3	0	1	1	4	1	
33	21.886713756069216	-102.28982059564726	1	5	3	4	0	5	0	3	0	0	5	4	3	1	1	4	4	2	5	4	
34	21.883462291088907	-102.28635089533941	2	4	5	3	1	3	1	0	1	1	5	2	0	0	2	2	2	5	3	1	
35	21.878101578754343	-102.29457761365661	1	0	5	4	3	2	3	0	3	1	2	4	5	4	1	3	0	0	2	1	
36	21.886720991271567	-102.28461970424921	0	2	1	2	1	1	1	1	5	2	4	5	0	5	4	3	3	4	2	3	
37	21.88099692112151	-102.28948392994722	5	1	1	2	5	1	2	0	1	2	1	4	0	4	4	4	0	3	0	2	
38	21.869206326413124	-102.28492691737652	3	2	1	1	0	1	2	3	2	4	3	4	2	1	3	1	4	2	4	4	
39	21.890125695206827	-102.28996997631134	4	4	4	5	1	0	2	1	1	1	3	0	2	0	2	1	4	3	1	4	
40	21.890656389342055	-102.29241161900082	0	3	4	2	5	2	1	5	3	3	4	2	5	1	1	4	0	4	2	5	
41	21.876355395486737	-102.29134905806255	5	1	0	4	5	1	2	5	2	0	5	1	2	0	3	0	5	3	5	2	
42	21.86740062812546	-102.284995178062	2	2	0	4	5	4	2	1	1	2	0	2	5	1	4	2	0	1	5	3	
43	21.884699088294852	-102.30508349726551	4	0	5	5	4	5	3	5	2	0	2	5	0	0	3	2	1	0	2	1	
44	21.86742714313564	-102.30180744797248	2	2	4	5	4	3	2	2	4	5	3	1	4	2	3	4	0	1	3	3	
45	21.877884635851625	-102.30574507278395	1	4	1	0	5	5	4	0	0	3	5	3	1	1	5	2	4	5	1	5	
46	21.88530536227092	-102.30219678911455	3	4	2	4	0	1	0	0	5	2	2	3	5	3	5	5	4	0	4	5	
47	21.883431509674395	-102.28697170247115	4	2	4	2	5	1	5	3	1	5	4	2	4	0	0	4	2	4	3	4	
48	21.88802470778909	-102.29019600011793	5	1	4	5	5	2	4	4	4	4	4	1	1	5	0	1	1	4	1	0	
49	21.88411978212708	-102.28701329385424	1	2	2	4	4	4	4	0	0	2	0	2	0	2	4	1	1	4	1	2	
50	21.87928128119556	-102.30105006921241	1	1	5	5	0	2	0	2	0	3	5	2	1	3	4	4	1	2	4	0	
51	21.882629078897498	-102.29891209039421	1	1	2	1	3	4	2	0	4	0	0	2	4	1	1	0	3	2	0	3	
52	21.8850969784443	-102.28814604584889	5	1	1	0	1	5	2	0	0	4	1	3	2	1	5	1	3	5	2	3	
53	21.86781922880881	-102.3021409614195	5	1	4	4	2	2	4	2	1	2	5	1	0	4	0	2	4	3	3	2	
54	21.87140056166297	-102.29849795111456	2	4	0	2	3	5	1	2	5	3	2	0	0	3	4	2	1	5	2	4	
55	21.877265971735323	-102.305678341962	0	2	2	1	1	0	3	3	3	2	2	5	1	2	5	2	4	0	1	0	
56	21.88820095475566	-102.30524589159357	2	3	1	1	2	3	5	1	2	4	5	0	1	0	2	2	4	1	5	0	
57	21.901659308577457	-102.28687704028606	3	3	4	2	2	5	3	4	2	1	3	0	1	3	0	2	0	0	5	4	
58	21.905563508563663	-102.3050624894575	1	3	4	1	2	2	5	5	1	3	5	5	2	1	5	2	4	4	2	1	
59	21.896444888003614	-102.30570645317609	1	0	0	1	1	4	3	5	1	1	4	5	2	0	3	5	4	0	2	5	
60	21.916480110202738	-102.29061482219191	2	2	1	4	1	4	4	2	1	4	1	1	0	1	5	0	1	1	5	1	
61	21.89649027405969	-102.29580802839955	1	2	5	2	4	3	2	5	4	1	3	4	5	3	3	5	1	5	2	3	
62	21.89956474934617	-102.29360059518923	4	5	2	2	4	1	5	2	5	2	4	4	2	1	2	0	2	4	1	2	
63	21.892615356386052	-102.3030503590323	1	4	0	1	4	3	5	2	2	0	3	5	3	3	0	1	2	0	4	1	
64	21.897361011872604	-102.29068771994055	3	1	1	1	1	5	1	1	2	3	3	5	4	4	4	3	4	4	2	1	
65	21.913158409949247	-102.29684343049392	1	4	3	2	5	4	0	0	2	1	1	0	2	3	1	5	3	1	0	5	
66	21.90911669249229	-102.30196989546891	2	2	3	1	0	3	2	2	2	4	2	0	0	5	3	2	4	0	5	1	
67	21.91681204025018	-102.29118680315776	1	5	1	5	1	1	0	3	4	3	2	3	4	2	1	1	3	4	2	3	
68	21.90126443016858	-102.28453528392036	1	1	5	2	1	0	3	3	2	4	1	0	5	1	1	1	3	0	3	0	
69	21.915562520229408	-102.29538425754329	1	0	0	4	3	2	5	4	2	1	0	3	3	2	4	5	4	3	1	3	
70	21.893771686085074	-102.29083866083302	0	5	1	1	4	1	5	2	4	2	2	2	1	0	1	4	2	3	5	3	
71	21.906419967715873	-102.2941367124072	1	3	0	5	3	4	3	2	0	1	1	1	2	2	2	1	2	2	1	1	
72	21.90090478441878	-102.28421059600883	1	5	3	0	0	1	1	0	0	0	1	1	5	5	3	3	3	2	4	1	
73	21.90610092904209	-102.29856006891707	5	5	4	0	1	3	0	5	3	3	3	0	5	0	2	1	3	2	4	4	
74	21.894291359004548	-102.29991733446329	1	5	1	4	3	3	2	4	0	5	4	5	4	5	4	2	3	3	5	4	
75	21.90979645680723	-102.30001232687785	4	1	4	0	1	2	2	4	1	0	3	1	5	3	0	2	2	2	3	3	
76	21.892249375039096	-102.30340599112479	0	1	5	3	0	3	4	2	1	4	3	4	4	3	1	3	1	2	0	5	
77	21.895619168211077	-102.29203658071069	3	3	4	4	5	0	4	3	1	3	5	0	3	4	5	0	1	2	2	4	
78	21.89599108938084	-102.29926003585707	3	2	5	4	0	0	2	5	4	5	5	4	2	5	0	5	2	5	0	4	
79	21.901161662003005	-102.29010185269664	5	1	3	5	1	2	0	1	1	3	1	2	3	2	5	1	0	1	0	5	
80	21.90005125493338	-102.29206659678567	5	4	3	4	0	1	5	4	1	0	4	2	3	3	0	5	2	2	5	3	
81	21.900101912546226	-102.30233166550565	4	2	5	4	2	2	2	0	1	3	0	2	4	2	3	1	3	3	0	3	
82	21.914779598929204	-102.29892794475464	4	1	1	2	4	1	4	5	1	3	0	2	1	0	2	1	0	3	3	1	
83	21.910918939347603	-102.28945060689743	4	4	5	5	0	2	2	5	0	5	2	0	2	3	4	2	0	2	0	1	
84	21.895367702062167	-102.3027497427649	1	4	5	0	2	2	5	5	3	4	2	5	2	0	4	1	2	0	3	4	
85	21.908198925389023	-102.29008442204123	1	4	1	4	4	0	2	5	1	1	5	5	2	3	2	5	2	0	1	2	
86	21.913271314753164	-102.30082953685545	2	0	3	2	4	1	5	2	4	0	4	1	5	2	0	2	3	1	5	1	
87	21.894624395559262	-102.29757889925193	3	5	3	1	0	5	1	0	2	1	0	5	5	0	1	0	2	0	3	5	
88	21.906676158638295	-102.29960360637219	4	4	4	5	5	3	4	4	5	3	4	1	2	4	4	0	5	0	0	0	
89	21.920451071449552	-102.29558193367016	1	4	3	4	0	1	3	0	2	2	0	3	1	0	5	2	0	4	4	3	
90	21.925415467425005	-102.28575423554287	3	2	4	3	4	3	5	3	4	2	0	5	4	3	5	3	2	5	2	3	
91	21.926239473279903	-102.2989521150261	4	1	1	2	3	5	2	4	0	5	4	5	5	3	4	1	1	2	4	1	
92	21.921239149217918	-102.29247421375291	2	0	5	3	1	2	4	5	2	1	0	0	4	0	4	2	5	1	3	2	
93	21.921642760503968	-102.28671191398722	2	4	3	3	5	1	4	0	1	1	3	2	2	4	1	3	1	0	3	2	
94	21.941366153156142	-102.29984363415147	4	1	2	0	4	5	3	4	0	1	3	0	0	5	3	1	0	0	5	0	
95	21.94097538423753	-102.28627930799306	0	2	4	0	3	5	1	2	3	4	1	0	0	1	4	1	2	0	5	3	
96	21.9269741357369	-102.297409012962	2	0	4	4	3	2	4	1	2	3	4	4	2	4	4	4	2	4	1	4	
97	21.93249363366741	-102.2921061752418	2	4	1	5	5	2	3	0	1	4	4	5	2	1	4	3	3	0	0	0	
98	21.928728561430354	-102.29148288536796	4	1	1	5	4	1	4	4	2	5	5	5	1	5	2	2	4	4	0	2	
99	21.936436103780366	-102.28962155355917	2	4	3	2	5	1	0	3	2	5	5	4	4	3	5	5	4	5	0	0	
100	21.92660364665102	-102.30356769270925	4	3	0	4	4	5	5	2	4	5	2	3	1	3	3	5	3	3	1	1	
101	21.92967946652108	-102.28757959735117	1	0	1	1	0	0	4	0	5	0	1	2	1	5	0	4	0	2	3	2	
102	21.930142063515426	-102.28620362621984	4	2	1	0	1	5	1	2	0	0	4	3	5	2	1	0	2	0	5	2	
103	21.94170406142391	-102.28959089027198	0	2	2	4	4	1	4	1	5	3	3	5	4	0	4	0	2	3	1	4	
104	21.9260509225604	-102.30384901814016	1	1	1	0	1	2	1	5	1	3	1	0	4	1	3	0	0	4	0	2	
105	21.92145553067877	-102.29584062549415	0	2	1	4	0	1	5	1	3	5	5	0	5	5	2	4	0	1	5	3	
106	21.923063991952766	-102.29476290054413	1	3	1	1	5	4	3	4	3	0	4	1	2	4	2	0	1	4	0	2	
107	21.923022170842472	-102.29368464902622	5	2	4	5	3	5	3	3	1	2	2	5	4	0	3	5	1	3	4	1	
108	21.932967288987083	-102.29310762067445	3	5	0	3	2	2	2	2	4	5	0	4	1	4	4	5	4	5	0	0	
109	21.931363811806	-102.30164974139682	3	2	0	0	4	3	5	5	1	5	0	2	1	2	5	5	3	5	5	0	
110	21.921785785084356	-102.30132659439532	4	1	0	2	4	1	1	1	0	4	5	1	0	4	0	0	4	1	1	0	
111	21.925602199396845	-102.30172464295595	4	3	3	3	5	5	0	5	4	2	2	0	5	4	5	3	2	3	5	1	
112	21.9333492643635	-102.2904431109093	4	4	5	2	3	5	0	0	1	4	4	5	5	0	4	5	3	3	1	5	
113	21.922542949196075	-102.28430164469269	5	2	1	0	5	5	3	3	0	4	0	3	2	2	1	0	5	1	5	1	
114	21.91820810422838	-102.28794464748988	1	4	3	0	4	0	1	0	1	5	3	2	1	4	1	5	4	2	2	0	
115	21.924685896361257	-102.30050660201837	5	0	1	0	5	5	1	3	2	2	4	4	2	2	0	0	1	2	5	0	
116	21.929187942613677	-102.30598459783661	5	5	1	1	5	2	4	5	2	0	3	2	4	5	4	1	2	0	2	3	
117	21.938946697293225	-102.3043171074007	3	1	3	3	1	4	1	1	0	2	5	0	4	0	0	2	2	3	5	4	
118	21.928168046911097	-102.29359934566958	1	1	4	1	3	0	3	4	4	5	3	3	2	0	4	4	4	4	5	3	
119	21.918548431795397	-102.29235184416866	5	1	2	4	2	2	5	5	0	3	1	1	4	0	0	5	3	0	4	0	
120	21.930491371803935	-102.29785474920727	1	4	0	4	0	5	5	1	4	1	3	1	5	3	3	1	0	5	4	5	
121	21.92197881801008	-102.30517938285269	3	2	2	2	1	0	0	0	3	1	3	5	2	0	5	3	3	5	4	1	
122	21.919460650306053	-102.29778461671522	3	5	2	0	5	1	4	0	4	5	3	0	2	1	4	2	1	0	5	3	
123	21.921023035467233	-102.29607172935289	3	2	5	2	1	4	5	4	4	1	1	4	1	5	5	3	1	2	3	2	
124	21.942530190885613	-102.28807421264023	5	3	5	3	0	4	0	3	1	0	3	3	3	2	4	1	2	4	5	0	
125	21.920577941596946	-102.29088753858719	5	2	5	2	4	5	1	2	0	3	1	4	5	3	2	1	4	5	0	2	
126	21.92117864797023	-102.29799166406116	3	5	1	3	2	2	3	5	0	5	3	5	4	0	2	5	2	5	5	2	
127	21.928765824632617	-102.29489128251633	1	1	1	3	4	4	2	0	5	1	4	1	5	2	4	4	4	0	5	0	
128	21.921568048445458	-102.28839253736767	4	2	3	4	3	1	3	2	2	4	3	2	2	4	4	1	0	5	1	1	
129	21.841050937346584	-102.26359497833417	3	5	0	1	4	2	5	1	5	3	1	1	2	2	0	0	4	0	4	5	
130	21.842081478607874	-102.2626033666492	5	3	1	4	1	1	0	3	4	4	0	3	2	4	4	2	1	4	4	1	
131	21.86439024641611	-102.26655905059168	1	4	0	5	2	0	3	3	2	3	2	4	1	4	2	3	1	5	3	3	
132	21.861850661201284	-102.27004328372918	2	0	3	1	5	3	0	4	1	1	0	1	1	5	3	4	3	1	3	4	
133	21.852292488547853	-102.27233194652757	1	0	5	2	0	2	5	2	2	4	0	3	0	3	2	3	4	5	5	3	
134	21.85246608238207	-102.27195310392125	2	0	0	4	5	4	2	1	3	5	2	1	5	0	2	2	4	3	0	3	
135	21.860472983171544	-102.27073422295021	0	1	5	2	2	5	3	4	4	4	1	5	3	4	0	1	1	3	5	2	
136	21.843929506196215	-102.28228238462093	1	2	0	3	2	4	3	5	0	2	1	1	3	2	2	4	3	1	3	3	
137	21.85796999593638	-102.27083622230965	0	2	0	4	3	3	1	0	5	4	4	5	1	3	2	3	0	1	0	1	
138	21.85825960692738	-102.27612652470407	4	2	3	2	5	3	5	5	4	5	2	1	1	4	0	2	3	1	2	0	
139	21.869183166255056	-102.26559647889997	3	0	3	5	5	3	4	2	1	4	0	1	4	0	5	0	3	4	1	0	
140	21.875325673097016	-102.26316137854951	4	2	1	0	0	4	0	5	1	2	1	3	1	0	4	5	3	0	3	1	
141	21.88965312911491	-102.27112172196655	1	5	3	0	4	4	1	2	0	0	2	1	1	3	3	4	0	1	1	5	
142	21.88128467720545	-102.2735688006058	3	2	4	5	5	2	2	4	3	1	5	5	1	4	2	3	5	4	0	1	
143	21.879958802116704	-102.2681465656957	5	5	4	0	4	5	5	5	4	0	4	2	3	0	0	1	1	1	0	3	
144	21.872896150039953	-102.26778299798625	3	0	0	4	3	3	0	5	2	3	2	0	2	5	3	5	5	1	2	5	
145	21.8712297301468	-102.28283214220426	0	4	0	1	0	5	2	5	0	0	4	5	2	4	2	0	4	2	3	0	
146	21.88458867467603	-102.2769530182865	3	1	2	4	3	1	2	5	5	1	4	1	1	4	1	5	2	0	4	3	
147	21.885303075061696	-102.27876514832364	1	0	1	5	4	1	5	1	1	3	4	1	0	2	3	5	2	1	2	3	
148	21.886896160238617	-102.27355336942719	5	5	2	4	0	2	4	1	2	2	0	4	1	1	0	4	3	5	2	4	
149	21.87862772794439	-102.26657820765443	1	0	3	2	1	5	3	0	4	2	2	2	5	5	3	1	1	4	3	5	
150	21.87636194926657	-102.28182871470302	4	0	3	5	0	1	4	1	4	5	5	4	0	2	3	1	4	3	1	4	
151	21.870533575147842	-102.2794136706182	0	5	2	5	0	0	4	5	1	2	1	1	1	0	3	4	2	2	4	2	
152	21.890311111068755	-102.27111902433347	3	1	3	0	5	5	3	0	4	3	5	2	2	3	5	3	5	0	0	0	
153	21.87911797755547	-102.27336324922061	0	5	4	5	0	4	5	0	1	1	3	5	1	4	5	2	4	1	4	2	
154	21.87786895123656	-102.26826208195816	3	0	3	1	3	3	5	5	0	3	5	3	2	1	2	4	0	0	4	1	
155	21.886212548988894	-102.27403880729018	4	1	0	0	3	2	5	0	3	4	0	1	5	4	0	0	2	4	0	5	
156	21.875045504118187	-102.28204472288385	1	1	4	3	0	0	2	0	0	3	4	5	2	0	1	4	2	4	5	1	
157	21.866909131631427	-102.28296608636704	4	2	1	4	5	5	5	4	1	5	2	4	2	2	5	0	0	2	2	3	
158	21.877514689298447	-102.27453722667336	3	4	3	0	1	4	5	4	3	0	1	0	3	1	4	2	0	2	3	5	
159	21.87886863600963	-102.2668293259742	1	2	4	3	1	5	2	5	0	0	5	1	3	5	3	3	2	0	0	0	
160	21.8909932868588	-102.28236256790903	1	2	0	0	3	0	0	3	2	2	0	3	0	4	3	4	2	0	0	4	
161	21.880101457938643	-102.27242890282103	0	0	2	1	2	2	5	4	1	4	2	5	4	0	3	4	1	1	4	3	
162	21.87935704328248	-102.26495784372024	2	4	0	4	2	2	4	2	1	3	2	1	4	4	5	0	4	5	4	2	
163	21.886479059502122	-102.27911016146531	5	5	5	3	4	3	3	1	5	1	1	4	5	4	0	1	5	2	1	3	
164	21.870704413152197	-102.27919771205129	3	4	2	0	5	2	1	3	5	2	5	5	3	0	0	2	3	2	5	4	
165	21.866725647379965	-102.27173953222183	0	2	2	3	2	1	1	1	2	1	5	3	1	3	0	5	2	3	2	3	
166	21.86701984106648	-102.26602485849043	5	0	1	1	5	5	1	2	2	3	0	4	4	0	0	0	4	3	4	3	
167	21.88050112342297	-102.28084020231499	4	3	3	5	1	0	1	3	2	4	2	5	5	5	4	2	4	4	0	1	
168	21.88813959804257	-102.26451217445953	4	4	2	1	5	5	2	5	4	5	5	0	4	3	1	4	4	4	1	3	
169	21.878596469086627	-102.27210566814307	2	4	3	3	1	3	0	3	4	3	0	5	5	2	5	0	0	4	0	0	
170	21.887655298237767	-102.26944497156447	4	5	5	0	5	3	0	5	0	3	3	3	5	5	1	4	1	1	3	5	
171	21.894791455357353	-102.27881782485274	2	0	5	5	2	2	1	4	1	4	5	3	5	1	1	3	3	5	5	1	
172	21.893289752911457	-102.27224929911631	4	4	1	4	0	3	0	0	4	1	2	3	3	1	5	5	1	3	0	1	
173	21.90936609651868	-102.27635866574394	0	5	0	3	5	5	3	5	5	0	1	4	4	0	4	4	2	2	3	4	
174	21.909116842281733	-102.2619443555329	4	1	4	0	3	5	4	2	1	0	2	5	4	2	5	5	2	0	2	0	
175	21.90478202749936	-102.28166194752752	4	2	5	4	3	0	0	0	2	0	3	0	5	0	5	4	5	0	1	3	
176	21.9104057856039	-102.27517305087446	4	4	5	5	4	5	5	2	5	1	1	3	2	1	4	1	3	3	4	1	
177	21.90611833204546	-102.27294881368371	3	2	3	1	5	2	3	0	5	5	5	4	0	5	0	1	1	4	5	4	
178	21.911271782942013	-102.27878321891119	3	3	4	5	1	1	0	3	0	4	0	3	2	2	4	1	0	2	0	5	
179	21.89262300084072	-102.26383444673829	4	4	2	0	4	1	2	5	1	4	4	2	0	5	4	0	0	3	1	0	
180	21.915800776361134	-102.28064035602559	2	3	5	4	0	5	2	1	1	4	2	2	3	2	2	0	2	1	1	5	
181	21.90488520613567	-102.27142851485924	1	3	4	0	5	3	0	4	5	0	0	2	5	3	0	2	2	0	0	2	
182	21.90419913199238	-102.2673998096356	1	5	0	5	0	5	2	0	5	3	0	5	4	2	2	2	5	2	2	1	
183	21.892972905830465	-102.26938470527654	4	1	4	2	5	3	1	3	3	0	2	5	2	2	4	3	4	2	4	2	
184	21.913279880460674	-102.28155692708587	5	3	1	0	5	3	3	3	3	3	2	1	2	0	5	1	0	5	3	1	
185	21.915390113351563	-102.27913737908686	0	2	3	2	0	3	4	1	2	0	0	1	2	5	0	2	0	0	0	5	
186	21.89178390315307	-102.27587608932754	0	3	5	2	5	5	4	4	0	4	4	2	1	1	5	3	5	1	0	1	
187	21.91394759195385	-102.28306314225925	0	4	4	0	2	5	2	4	0	3	3	4	1	1	0	4	3	5	3	5	
188	21.909142528969266	-102.26940186198128	3	1	2	0	1	2	2	2	2	4	3	4	5	0	3	2	4	4	0	4	
189	21.89437898565013	-102.27687751652026	4	2	4	4	1	1	1	1	5	1	4	4	3	0	0	3	1	4	0	4	
190	21.91092930415316	-102.27281605082065	3	3	2	2	2	3	4	3	3	0	5	2	3	4	1	3	0	5	4	1	
191	21.928937129533548	-102.27035521272049	3	3	1	5	2	2	0	0	3	3	4	3	5	4	0	4	4	2	5	3	
192	21.935345492108592	-102.27868549395684	2	5	0	4	4	5	4	4	4	1	5	1	2	2	5	4	1	4	1	2	
193	21.940624104676267	-102.2639735347879	0	0	3	0	2	3	4	1	1	3	4	2	2	5	2	0	4	4	1	4	
194	21.919332431627772	-102.26993239337759	4	1	0	4	1	3	4	0	5	5	1	5	3	0	3	4	0	4	4	3	
195	21.929625546589474	-102.26394494233674	1	2	1	3	0	3	2	4	4	5	4	3	0	5	5	1	3	4	0	3	
196	21.93094190208956	-102.27799826914759	0	4	3	1	0	4	5	3	0	3	0	1	1	2	1	2	5	5	2	2	
197	21.92872237235843	-102.2680461780489	5	2	3	4	5	5	3	1	2	4	3	3	0	5	2	1	2	5	4	5	
198	21.937053343352215	-102.26613376689969	5	1	0	1	2	3	3	2	4	4	5	4	5	3	3	1	3	1	5	1	
199	21.918025208080305	-102.28068801002478	5	5	0	1	3	2	4	4	1	3	5	1	3	4	2	5	2	1	4	0	
200	21.924434909781233	-102.26540717263155	0	4	2	1	4	4	4	4	3	3	3	5	0	0	0	3	4	4	3	0	
201	21.920939999898916	-102.28263406961159	2	1	4	5	2	3	2	2	1	0	5	1	2	3	2	0	2	2	1	2	
202	21.937370375101843	-102.28274607783203	5	1	0	3	1	2	1	1	5	0	0	5	3	3	1	5	3	1	1	2	
203	21.937016589422274	-102.26216414616108	3	1	3	1	1	2	5	3	1	2	0	2	4	5	5	1	1	5	2	4	
204	21.91851472968597	-102.27857002793094	1	5	2	4	4	2	4	1	2	0	4	4	1	0	3	2	4	4	0	3	
205	21.937369498028847	-102.26336790730743	2	5	2	4	1	2	0	5	4	5	5	4	0	5	5	5	2	0	0	0	
206	21.923181350264827	-102.27576129395112	5	0	5	2	3	1	5	0	4	1	0	3	2	3	2	4	0	2	1	3	
207	21.93960778889503	-102.28062587985681	4	4	5	0	0	3	0	4	0	5	3	5	1	5	5	2	1	3	2	2	
208	21.94231375235693	-102.27939804508866	3	5	4	5	5	4	0	2	5	5	2	3	3	2	5	4	3	0	3	3	
209	21.92411701937426	-102.28078561160117	4	1	5	1	5	1	2	2	2	3	3	5	3	3	2	3	1	1	1	2	
210	21.94175496620068	-102.26197419321777	0	2	4	2	2	5	4	3	5	1	4	4	0	2	3	4	1	1	4	4	
211	21.924328911369415	-102.27586363952388	1	5	1	3	0	2	2	5	5	5	3	4	2	4	3	5	3	4	0	1	
212	21.939325724795804	-102.27536797004527	2	1	3	5	0	4	5	1	0	4	0	2	2	2	2	4	0	3	5	2	
213	21.932232832228255	-102.27999888033062	3	1	2	5	5	3	4	4	2	5	0	0	4	5	5	1	2	0	0	2	
214	21.940738644543853	-102.27636264976944	0	1	5	3	5	5	3	5	2	2	3	4	3	5	5	0	1	1	1	0	
215	21.918917145085718	-102.27906368082354	4	4	3	4	1	2	3	4	5	2	3	2	3	0	5	2	1	0	5	0	
216	21.935594537172335	-102.27485181566591	5	2	0	5	3	5	2	0	0	0	5	3	1	3	0	1	2	5	5	3	
217	21.926368724932647	-102.28123478664729	0	5	2	3	2	3	0	0	1	5	2	5	2	2	1	3	3	3	0	3	
218	21.92085798285015	-102.26938018772611	0	0	5	5	1	0	1	4	2	0	3	5	1	2	2	4	0	3	4	0	
219	21.921886098560364	-102.27546286384522	5	1	1	4	4	5	1	3	5	2	0	4	5	0	4	5	0	2	2	2	
220	21.926477324238935	-102.2710167276502	1	4	1	0	5	4	2	5	2	1	4	2	0	0	0	5	2	1	0	0	
221	21.921602873263563	-102.26264161179992	2	2	0	0	0	3	3	0	1	2	4	0	0	5	2	1	5	3	2	3	
222	21.93238415917334	-102.26887339142372	1	1	3	3	0	2	4	4	5	4	2	3	2	1	3	5	0	3	4	0	
223	21.918692539682343	-102.2811075285776	2	0	1	4	2	3	5	5	5	5	2	5	1	2	0	1	4	4	2	2	
224	21.920625275730238	-102.27294767503783	2	2	5	1	1	1	4	3	2	1	2	3	4	5	0	3	0	2	2	4	
225	21.941527690275493	-102.27619247170465	5	3	3	4	4	1	5	2	2	0	1	0	5	2	1	3	2	3	4	3	
226	21.919205975129934	-102.27583128381538	3	1	4	3	1	5	2	5	3	3	1	1	3	5	5	3	3	2	2	2	
227	21.931418060314044	-102.26807271302542	2	4	0	3	5	3	2	4	1	1	3	3	5	3	0	3	3	1	3	4	
228	21.94206603425658	-102.2716903272182	1	4	4	0	5	2	4	0	5	1	4	5	3	4	0	3	4	1	0	5	
229	21.943112794524886	-102.28103604984256	1	5	5	1	0	0	2	2	5	3	5	2	0	0	1	3	4	2	4	4	
230	21.9396943736242	-102.27032593045654	0	0	4	4	5	0	1	4	2	3	2	4	0	5	2	4	0	2	3	4	
231	21.941698219276592	-102.28236861320109	5	5	0	2	3	3	2	5	5	5	1	3	0	2	1	0	5	3	0	3	
232	21.94318768754432	-102.27542490987763	1	5	1	1	2	0	2	5	5	2	1	4	1	4	5	5	1	2	2	5	
233	21.92609985922017	-102.27767150621999	4	4	2	5	4	4	2	5	5	3	5	3	3	4	5	2	2	0	5	1	
234	21.93840930826848	-102.26720501924493	0	2	5	4	3	3	1	5	2	2	0	1	2	5	4	3	2	4	1	0	
235	21.925997116250215	-102.26773228328709	3	2	5	2	0	2	2	4	0	1	0	5	2	1	0	3	0	3	0	5	
236	21.92408229326564	-102.27979488314162	4	2	2	3	5	1	0	3	0	4	3	5	2	3	1	0	1	1	0	2	
237	21.928902450554048	-102.282547199244	0	1	3	1	4	1	2	3	2	3	2	4	5	2	2	5	0	0	5	4	
238	21.93675204970005	-102.27412821866773	4	0	3	2	4	4	1	1	5	4	0	3	1	0	1	0	0	3	0	0	
239	21.924433698428306	-102.27308793446521	1	0	0	0	3	0	5	4	0	1	3	2	2	4	1	4	3	1	2	4	
240	21.933538934245416	-102.2693504643292	3	3	4	2	5	3	0	2	3	5	4	5	2	0	3	2	5	1	1	1	
241	21.92715443736231	-102.27734869836513	5	3	2	0	2	3	2	3	0	3	0	3	1	1	1	2	1	5	2	4	
242	21.921008528413743	-102.26844809097757	4	5	3	0	2	5	3	5	4	2	5	5	4	1	5	1	4	5	3	0	
243	21.920845820874582	-102.28062451202304	0	2	3	4	4	3	5	3	2	5	3	1	0	5	0	2	4	0	3	5	
244	21.925654935445902	-102.26541254346294	3	4	2	0	0	1	4	5	3	4	4	3	4	3	0	3	3	4	5	1	
245	21.941823476659067	-102.28391713169452	3	0	4	1	2	2	5	0	5	5	0	2	3	5	0	0	5	3	3	1	
246	21.921940261475008	-102.27606252842487	5	5	2	3	5	4	4	1	2	0	5	3	4	1	5	5	3	2	1	1	
247	21.931808865785744	-102.27842983925167	0	0	2	4	4	1	4	5	1	4	4	0	4	3	4	1	5	1	0	3	
248	21.9265342116188	-102.26913150929552	1	5	2	5	2	2	1	2	5	3	3	0	0	3	5	5	5	5	2	1	
249	21.926738741559145	-102.26259924744801	3	2	1	1	5	3	2	2	2	3	0	1	0	0	4	1	1	2	0	0	
250	21.933853982945738	-102.27773163378123	1	5	3	2	4	1	5	3	5	1	4	1	3	3	1	5	3	4	2	4	
251	21.93056697177179	-102.28345903293345	2	3	1	2	5	5	2	2	5	3	0	4	1	0	4	4	5	5	1	1	
252	21.923111222073604	-102.28329054578774	2	1	4	4	3	1	0	5	2	3	1	1	1	4	3	1	1	3	4	3	
253	21.939253508345658	-102.26158885031452	0	5	5	5	2	1	4	3	5	2	4	2	4	1	1	3	3	4	3	1	
254	21.925157585849828	-102.27648133457248	0	3	0	4	0	1	5	4	1	0	0	1	2	1	0	3	4	5	3	2	
255	21.91965168005835	-102.27520447292152	1	1	2	4	5	1	5	4	1	0	2	2	4	0	0	1	3	4	4	3	
256	21.940583869475518	-102.27583759523564	5	5	5	4	4	2	1	2	1	0	2	1	4	5	3	1	5	5	0	3	
257	21.92934833691085	-102.26926721273097	0	5	5	5	2	5	1	1	1	2	0	3	1	0	4	5	4	5	1	5	
258	21.938946947398126	-102.26501619066475	2	5	0	3	1	5	3	4	0	3	3	1	5	1	3	0	0	0	1	3	
259	21.926124564432165	-102.26559780817934	5	5	1	1	2	0	4	5	3	4	3	4	2	4	3	5	5	3	4	3	
260	21.942288706285677	-102.27092378668831	2	0	4	0	3	3	2	2	0	3	3	1	2	3	2	5	4	3	4	4	
261	21.921692949120335	-102.27111467338648	3	3	1	1	5	2	4	5	3	1	3	2	1	2	1	2	5	2	0	2	
262	21.920281320880985	-102.27623296072956	0	3	3	1	0	1	4	1	5	4	0	3	5	5	1	4	0	2	4	3	
263	21.94330662099085	-102.27895510938305	1	1	0	3	4	0	0	3	1	4	4	5	5	4	5	1	2	4	3	2	
264	21.927327956893976	-102.26617592688882	4	4	1	0	4	3	5	4	5	0	5	2	0	0	5	4	4	1	3	5	
265	21.933862009816195	-102.2783061907755	2	1	4	1	0	2	2	1	5	4	5	4	2	4	5	0	3	4	0	2	
266	21.942161587842655	-102.26467590652864	0	4	2	5	0	3	4	1	4	5	1	5	5	4	5	5	0	3	4	5	
267	21.92033467048819	-102.27370128095676	1	2	0	5	1	5	0	2	2	0	2	2	3	5	2	4	5	2	5	4	
268	21.918490854262078	-102.28065118865825	4	1	2	1	4	0	2	5	0	5	3	3	4	5	4	3	0	1	5	1	
269	21.92790038472077	-102.27089935024958	2	3	5	0	0	0	1	5	3	0	3	3	1	3	0	2	5	3	3	1	
270	21.931893170356922	-102.27718386270143	1	4	1	3	0	5	4	4	3	5	4	0	0	5	5	4	5	3	4	2	
271	21.841147425246383	-102.24729496175831	0	0	1	4	4	5	5	3	3	5	0	3	5	3	5	3	1	4	3	1	
272	21.84385564724053	-102.24967121381239	3	1	4	0	4	1	5	1	3	5	0	0	4	0	0	4	4	5	4	1	
273	21.84515230578078	-102.24427256058819	4	4	5	1	4	2	0	3	0	4	1	4	5	4	1	2	3	0	1	5	
274	21.85677985788293	-102.24086377017976	0	5	3	3	3	0	0	0	1	5	0	1	3	1	0	4	3	3	1	1	
275	21.849402371498407	-102.24208692628586	3	4	0	3	5	0	2	0	3	2	5	1	2	3	2	3	2	4	0	0	
276	21.844170080076935	-102.2579730042356	2	4	1	2	5	5	4	1	0	2	2	2	5	4	4	1	1	4	4	1	
277	21.85328335494741	-102.2409715290043	5	4	1	3	5	3	4	1	2	3	5	1	0	3	3	1	3	3	5	4	
278	21.84035420222613	-102.24166746963127	0	1	3	3	5	3	5	2	0	5	1	3	2	0	4	5	0	3	5	2	
279	21.855326871255663	-102.24802785105727	2	4	3	1	3	2	5	3	5	0	4	4	5	3	5	4	5	5	3	3	
280	21.859929558292745	-102.24432910799821	0	1	2	3	4	2	1	1	0	3	0	1	1	5	4	3	4	5	5	1	
281	21.857976943012048	-102.24343578556334	2	2	3	0	2	5	0	0	5	1	3	4	5	4	4	1	2	3	2	1	
282	21.840754952512413	-102.25414531956363	4	1	2	3	0	3	4	2	3	5	2	1	0	3	2	5	3	3	3	3	
283	21.84306750322637	-102.25332995505389	3	2	4	0	2	3	1	2	3	3	2	0	4	0	3	2	0	3	2	5	
284	21.853046665982642	-102.25379817504248	0	1	0	2	2	0	2	2	3	4	0	2	5	0	0	0	3	5	3	5	
285	21.8603626612649	-102.26120080262154	5	1	4	2	4	3	4	4	3	3	5	4	3	0	5	2	5	3	0	4	
286	21.84121187094334	-102.24440163091614	5	3	0	4	3	5	3	5	1	3	3	0	2	5	0	4	5	4	0	5	
287	21.844620889155525	-102.2488144892048	5	2	4	2	4	2	1	2	2	3	1	0	5	0	5	2	4	3	2	1	
288	21.851273557341628	-102.24717461398042	5	0	5	3	5	5	1	1	0	3	4	1	4	1	2	2	1	4	1	0	
289	21.855555324433666	-102.24968321411924	3	4	1	5	3	0	2	1	1	5	0	4	4	0	0	0	4	5	2	4	
290	21.84290820650504	-102.2518871497895	3	2	2	2	2	0	0	2	4	1	3	4	5	2	4	3	3	5	1	0	
291	21.868667469080496	-102.25835561789248	1	1	3	1	5	3	3	5	1	4	4	3	3	2	2	3	5	1	0	1	
292	21.875845864053215	-102.24726829269879	2	4	2	1	2	1	5	2	5	5	1	3	5	3	0	2	1	1	1	3	
293	21.882574783027525	-102.24807846669502	2	0	2	1	5	0	4	2	2	0	0	5	4	2	4	3	1	0	4	1	
294	21.88502287254415	-102.26045973199014	4	5	5	0	3	2	3	1	0	2	1	5	3	4	1	5	2	1	3	5	
295	21.867746467171997	-102.26060893941984	0	5	2	4	2	2	1	0	5	5	1	0	4	0	5	4	4	5	3	1	
296	21.8905057191987	-102.25971235817029	3	1	2	2	2	1	1	5	2	0	3	5	3	1	5	3	2	4	1	5	
297	21.868636585472395	-102.25399543134279	4	2	1	4	4	3	4	1	2	1	1	4	3	4	1	5	1	1	4	4	
298	21.891328370272497	-102.25101195888517	5	2	4	2	2	5	5	1	5	3	5	3	1	3	3	4	1	2	1	1	
299	21.886068158256094	-102.24175355394226	4	0	3	2	5	0	4	2	2	0	3	4	2	0	5	5	3	2	3	1	
300	21.867569830408172	-102.25159456788194	2	1	2	1	2	3	5	3	5	0	0	0	3	3	3	5	1	5	2	1	
301	21.877317953643928	-102.26127612931526	3	2	4	5	4	5	2	2	3	3	5	4	0	5	3	4	0	4	2	1	
302	21.87363828672548	-102.2607176491624	1	4	0	0	2	2	5	2	3	3	0	1	4	1	5	3	0	2	4	2	
303	21.87682787091683	-102.25042718972674	5	5	4	3	2	4	1	3	1	2	4	5	5	5	4	2	4	3	4	2	
304	21.866206386941446	-102.2599310288252	3	1	1	5	0	5	0	1	4	3	4	5	0	3	4	4	2	0	1	0	
305	21.88366873346759	-102.2472749713312	2	2	1	1	5	5	3	5	5	4	0	3	4	4	2	3	1	1	2	3	
306	21.867811498702558	-102.25944721858484	5	3	4	1	4	4	3	4	1	0	2	1	3	0	5	5	1	2	4	4	
307	21.870004134818867	-102.25644124604565	1	0	4	2	3	2	1	3	0	5	3	1	3	0	5	3	5	0	2	5	
308	21.8689304946683	-102.25685390131414	1	0	0	0	1	5	2	0	4	0	1	4	1	5	4	5	2	0	2	4	
309	21.91453726304617	-102.24527766157831	2	5	1	5	0	5	3	5	1	2	0	1	2	2	1	1	4	4	2	3	
310	21.91731347349696	-102.25558553775973	5	2	1	0	3	4	1	1	0	2	2	5	0	0	4	4	0	0	2	1	
311	21.907443342422557	-102.25210285729072	0	0	1	0	5	2	4	4	4	5	0	5	3	1	3	3	0	5	1	5	
312	21.905985778435458	-102.2502931609971	0	5	5	5	1	3	5	1	0	2	1	3	5	2	0	3	1	2	2	3	
313	21.917140972691513	-102.24135991372438	2	1	2	2	1	1	1	3	0	4	1	0	3	4	5	4	5	2	3	2	
314	21.909423166330384	-102.25980872222638	5	5	4	4	4	2	5	3	3	4	5	5	2	1	2	1	5	5	0	5	
315	21.907112847544074	-102.24493059801082	5	1	0	3	2	1	5	1	3	2	5	2	1	2	5	4	4	1	1	0	
316	21.902254957311925	-102.242288981281	4	1	2	4	3	1	0	2	2	0	0	1	3	3	1	5	5	5	0	4	
317	21.9064537193966	-102.24105078055186	1	5	3	4	3	0	4	0	4	4	1	1	2	3	5	4	0	0	2	5	
318	21.91519037660777	-102.25643047609181	1	3	5	1	3	4	3	2	3	3	1	2	5	0	3	4	2	3	1	5	
319	21.89236918293264	-102.25477517858279	1	0	4	2	1	5	5	4	2	1	3	0	0	2	5	4	5	3	5	1	
320	21.893403835143577	-102.24457034193554	0	4	4	0	4	5	5	5	2	2	3	3	4	1	0	4	3	4	4	2	
321	21.91276244642903	-102.25831833818248	4	2	2	1	0	3	3	2	1	4	0	2	5	1	3	3	5	2	0	5	
322	21.893438593254803	-102.24076391988979	5	3	3	4	0	3	2	3	3	3	0	0	4	2	4	4	1	4	1	0	
323	21.904824170636495	-102.2579648029614	4	1	0	0	3	1	0	4	4	4	4	3	5	0	2	4	3	1	2	2	
324	21.900567218140132	-102.2449481777211	4	4	3	3	4	1	2	2	1	0	5	5	1	0	1	1	4	0	3	4	
325	21.895040860608646	-102.25706843330428	3	5	4	1	5	5	0	2	4	5	5	4	2	2	5	4	5	3	3	2	
326	21.913310214741553	-102.24257667947592	3	1	1	2	4	0	3	0	5	3	3	3	5	3	5	0	2	4	4	0	
327	21.89273048322006	-102.24231172973535	3	1	5	0	0	1	0	1	1	4	3	3	0	1	2	2	2	1	0	5	
328	21.90369667580524	-102.25588956558299	1	1	3	3	1	1	3	2	1	5	2	3	4	2	3	4	4	5	4	0	
329	21.893934888595236	-102.24695126579583	1	0	3	3	4	1	1	0	3	2	2	2	5	3	2	0	5	0	4	1	
330	21.917200561373008	-102.24243401385809	4	1	1	5	4	3	2	5	3	2	2	4	3	4	1	1	4	2	3	2	
331	21.893041612986345	-102.2605631811821	0	5	4	3	3	0	5	3	0	4	5	1	4	2	3	3	4	1	1	4	
332	21.89676500784471	-102.25084451762372	4	3	3	0	0	3	3	0	3	0	3	0	4	1	1	4	1	1	1	4	
333	21.91053542280075	-102.24649404192584	1	0	2	5	1	0	2	1	3	0	1	0	0	0	0	5	3	2	0	2	
334	21.906217340620813	-102.2491028153399	3	4	1	1	2	3	1	1	2	5	0	3	2	3	3	3	5	3	5	1	
335	21.905079113874738	-102.25241668997123	3	3	5	0	3	0	0	5	0	1	1	0	4	2	1	0	4	3	0	3	
336	21.9102856652913	-102.24363903594684	0	3	0	1	2	3	0	2	0	0	3	4	5	4	5	0	0	4	2	0	
337	21.910144051384286	-102.24170888680503	0	4	3	1	5	1	1	2	0	4	3	2	3	0	2	5	1	1	3	5	
338	21.893184911453968	-102.24768092632863	0	3	5	3	2	5	2	4	4	3	1	1	0	5	3	2	5	2	0	4	
339	21.894265747075913	-102.25760561721367	2	0	5	0	5	5	3	5	3	0	2	4	3	4	2	4	5	1	4	4	
340	21.894400121187402	-102.24138038955647	5	5	3	0	4	3	4	5	5	5	0	5	4	4	4	2	2	2	3	4	
341	21.920307175308007	-102.2488505144823	3	5	2	3	3	4	3	4	2	1	5	3	2	1	2	2	2	3	4	4	
342	21.929479521370865	-102.2417312628669	5	2	1	5	1	0	5	5	0	3	1	5	3	3	1	1	2	5	5	4	
343	21.931788204768214	-102.25007511633196	4	4	0	1	3	4	5	0	3	3	5	3	2	3	1	5	3	3	3	2	
344	21.92860169841692	-102.25321231097786	5	2	4	3	0	5	2	1	3	4	4	5	4	2	1	5	1	0	3	4	
345	21.929139865062368	-102.2551318942336	3	3	2	4	5	4	0	5	3	3	1	4	0	3	4	2	5	2	4	4	
346	21.918380206275913	-102.24924093425832	1	5	4	4	3	0	5	2	2	4	3	5	5	3	3	1	0	4	0	4	
347	21.93414055864057	-102.24074297449677	4	2	5	1	0	4	3	0	0	2	3	1	4	1	2	3	3	5	4	5	
348	21.932538010323956	-102.25990602496375	5	1	1	0	3	0	4	5	1	1	1	2	3	3	2	0	4	3	2	1	
349	21.94016368487759	-102.25152400429393	2	2	0	0	2	4	5	5	4	3	3	1	0	5	2	1	4	0	4	3	
350	21.939516511950874	-102.26059247696378	1	2	0	0	2	5	4	4	0	3	0	1	3	3	3	4	2	1	4	4	
351	21.92903923270493	-102.24320901779308	1	0	5	4	2	2	1	3	5	2	1	1	1	1	3	0	3	2	5	0	
352	21.92970233266679	-102.23999738201927	2	2	3	5	2	5	5	0	2	2	2	1	1	2	1	0	2	5	5	4	
353	21.938465602414304	-102.25706667492531	1	2	3	5	2	0	2	2	0	4	5	2	4	0	1	4	4	3	2	0	
354	21.93331875799121	-102.25100022146482	0	5	0	2	0	5	3	0	4	1	4	3	5	0	2	0	4	1	4	5	
355	21.939915330358144	-102.24730336402669	5	0	4	4	5	1	2	2	4	5	3	0	4	3	3	2	2	3	1	4	
356	21.94266948748426	-102.24681876254822	1	4	4	1	1	0	1	5	1	5	4	3	3	2	1	2	4	2	5	2	
357	21.919713280303462	-102.25059776115503	2	0	1	0	3	2	1	0	5	4	5	5	5	2	3	4	1	1	4	4	
358	21.92650643698693	-102.2615490327932	1	2	5	0	4	0	2	1	4	3	0	4	5	4	1	2	4	2	1	1	
359	21.92644317898173	-102.24499190038028	2	2	5	5	3	4	5	0	2	1	2	2	3	3	0	4	4	1	3	5	
360	21.926095989425264	-102.25164255227168	2	1	1	1	2	2	2	1	4	5	5	5	0	3	5	5	5	5	2	5	
361	21.93074278425069	-102.25453615561786	1	0	5	3	1	1	1	3	5	0	4	4	4	4	3	5	3	1	0	1	
362	21.939865590529223	-102.25619881900768	1	0	4	0	3	5	4	2	0	3	1	3	2	1	5	0	1	2	1	1	
363	21.933019776579595	-102.23968002163086	1	5	0	3	3	1	3	1	4	4	3	2	5	1	4	0	0	4	0	2	
364	21.922043885977097	-102.25827392961092	0	1	0	3	4	3	5	3	2	5	0	2	2	5	5	4	1	2	3	0	
365	21.936504994961197	-102.25075279836682	3	2	4	0	2	0	1	3	0	2	3	1	0	2	2	0	1	5	2	2	
366	21.936956367698297	-102.2416137835411	5	5	4	3	1	5	4	5	0	4	1	0	0	0	0	1	0	0	1	5	
367	21.938835330082117	-102.2605687844589	0	2	2	1	0	5	1	3	3	5	4	0	2	1	2	3	1	3	1	0	
368	21.919591403018227	-102.25514031318704	3	5	1	5	5	2	4	4	0	1	4	3	2	2	4	3	1	1	4	4	
369	21.93900500348618	-102.24163683644245	3	4	3	4	0	4	5	5	4	0	0	3	3	0	3	1	3	0	3	4	
370	21.940330937396734	-102.24443373077311	3	4	5	0	5	3	0	1	3	0	2	3	0	1	4	0	5	0	2	4	
371	21.920954077597575	-102.25926359805915	4	5	3	4	0	4	0	4	0	0	1	5	2	1	3	3	1	5	0	1	
372	21.9298650451082	-102.24017187719681	5	0	0	5	3	0	4	5	2	0	2	5	1	3	0	4	0	0	4	0	
373	21.93918792595347	-102.2508784302152	1	1	1	1	4	5	0	4	3	3	2	4	0	3	5	5	2	3	0	2	
374	21.918024455673745	-102.2528599196028	2	4	2	5	2	3	4	0	5	1	5	3	2	0	2	4	3	5	2	5	
375	21.928769424063958	-102.25501592064052	4	3	1	0	4	0	1	4	2	2	5	1	1	5	1	5	4	2	1	4	
376	21.92892888718506	-102.26067857164588	4	1	5	4	3	3	2	1	4	0	0	1	3	0	4	2	1	2	5	0	
377	21.93272589285277	-102.24940702992592	4	4	0	4	1	0	1	2	5	4	5	0	5	4	4	2	1	3	3	1	
378	21.938258915812888	-102.24962548986264	4	5	3	2	1	0	3	0	3	2	4	5	2	1	2	2	2	5	5	2	
379	21.92104040181541	-102.24439167760536	5	1	2	5	2	0	1	5	4	4	4	0	3	5	2	5	0	3	2	3	
380	21.92802628550892	-102.24007579131427	3	0	3	1	0	1	3	5	3	1	0	5	1	5	0	0	1	1	2	2	
381	21.92151415293934	-102.25574397103911	4	5	3	3	2	4	3	0	3	5	3	5	3	1	1	5	5	4	1	0	
382	21.921202825539925	-102.24784493564171	5	5	4	4	1	1	4	2	0	5	1	2	0	5	3	5	2	5	3	1	
383	21.9380031447898	-102.24101884218015	4	2	4	3	3	0	4	4	3	0	2	1	1	3	4	4	1	4	5	1	
384	21.93867724456212	-102.24364380378736	0	3	0	0	5	0	4	3	3	3	3	3	1	0	5	4	5	4	0	4	
385	21.93039880628705	-102.25705709443164	1	5	3	0	5	4	0	3	4	0	0	0	3	4	4	4	4	5	1	2	
386	21.931422893098436	-102.26092258722916	3	0	5	3	2	2	2	2	4	0	0	0	1	0	3	0	1	0	3	5	
387	21.917660314188744	-102.25358843639371	3	0	2	1	2	0	3	1	5	4	0	2	0	1	1	0	1	5	1	1	
388	21.941917000543558	-102.2565797554589	0	0	3	2	2	0	0	3	1	1	0	3	0	5	5	3	0	3	2	3	
389	21.938058780378373	-102.25530061211529	4	3	3	2	1	2	4	1	2	3	5	5	2	1	1	0	4	3	1	4	
390	21.922869135460363	-102.24210470712404	0	2	3	3	2	4	4	4	4	3	0	1	4	3	3	5	2	0	2	3	
391	21.924857917074153	-102.24110224117551	1	5	0	2	3	5	3	5	4	5	2	4	2	0	4	2	0	1	3	4	
392	21.92813359075641	-102.25845645061503	1	4	4	2	1	3	5	5	0	3	1	4	4	5	4	2	5	3	2	3	
393	21.918311037388264	-102.25110885042753	5	0	2	0	2	4	4	5	5	3	1	5	0	0	1	1	0	5	5	0	
394	21.93208685245994	-102.25355598044828	2	3	0	4	4	5	0	5	5	0	5	3	5	4	0	0	4	0	3	2	
395	21.938745757623508	-102.25884564468339	5	4	1	5	0	0	4	1	5	3	0	2	0	4	0	5	3	1	3	4	
396	21.936163106282468	-102.25164515925012	2	4	5	3	0	1	1	0	5	5	4	3	2	2	0	5	5	1	0	0	
397	21.929560567243062	-102.25140789400741	1	4	5	0	4	2	5	1	3	2	1	1	5	0	3	3	2	2	2	5	
398	21.936129065117093	-102.25862847990953	3	4	3	1	2	4	5	3	5	0	0	1	2	2	4	3	5	4	4	5	
399	21.928422395519302	-102.24408272607326	0	4	5	1	2	1	0	5	1	4	3	3	5	1	3	4	4	0	3	0	
400	21.920681006289907	-102.24199884824526	4	5	2	4	5	5	5	4	3	4	0	3	5	4	4	0	1	3	5	2	
