ID 	 X_COORD		 Y_COORD		 F1	F2	F3	F4	F5	F6	F7	F8	F9	F10	F11	F12	F13	F14	F15	F16	F17	F18	F19	F20	
1	21.869815843775267	-102.31290232586575	3	5	0	2	3	2	2	1	1	3	2	4	4	4	1	5	4	5	5	3	
2	21.930900334797958	-102.31188894291448	0	3	1	5	2	4	1	3	5	4	3	3	0	4	0	2	3	3	4	5	
3	21.917820905994745	-102.31008097567323	3	0	3	4	3	4	5	3	4	1	2	3	5	3	3	1	4	3	1	0	
4	21.927441930655824	-102.30946454603219	0	2	4	2	5	0	2	2	4	1	3	0	1	4	5	1	1	3	5	1	
5	21.85677545628999	-102.29101807941453	3	0	4	2	5	3	2	3	5	5	1	2	5	4	1	3	2	2	0	0	
6	21.856029477724114	-102.28869267057594	5	3	2	5	0	5	1	1	4	3	4	1	3	2	3	1	2	3	2	1	
7	21.85536559521047	-102.28502343606543	5	2	1	3	1	3	4	2	1	2	5	4	5	1	5	3	3	0	3	3	
8	21.87936040465616	-102.29639443994195	0	0	1	3	3	1	2	4	5	3	1	3	0	5	3	5	1	1	2	3	
9	21.866396073354963	-102.2947187574219	2	4	4	2	4	3	0	3	0	3	1	1	2	1	5	1	4	1	1	0	
10	21.887301604537488	-102.30546331621062	4	3	3	1	0	5	3	0	4	1	1	3	4	0	5	1	0	5	2	5	
11	21.880104490237294	-102.30292479842653	0	5	4	5	4	3	0	4	5	3	4	2	5	0	1	5	5	0	0	2	
12	21.891193414092672	-102.30610321670522	0	4	2	2	2	5	4	1	4	4	3	4	3	1	4	3	5	5	3	5	
13	21.866037171259162	-102.29717490441776	5	3	4	1	5	3	5	3	2	1	4	5	4	4	1	2	5	3	4	4	
14	21.902760757008316	-102.29057908165309	0	2	3	1	4	3	5	4	5	0	1	0	4	4	2	2	1	0	4	1	
15	21.909824056927018	-102.29155516059218	2	1	5	4	1	2	5	4	5	1	0	2	1	1	2	3	5	2	3	2	
16	21.90989043301232	-102.302656634462	5	3	3	0	5	1	3	3	0	1	5	5	1	5	0	4	0	4	1	4	
17	21.893232985394746	-102.29823664308852	5	5	1	2	4	2	0	4	4	5	5	1	3	4	1	1	4	4	2	0	
18	21.895833342263373	-102.29125641198375	3	2	2	5	5	2	5	5	2	2	3	3	3	3	1	2	1	0	0	5	
19	21.902307185669432	-102.30556516125503	2	2	0	0	4	1	1	3	3	5	3	3	2	2	1	3	2	2	5	1	
20	21.90261555177805	-102.29988232025946	4	3	0	0	2	2	5	2	5	3	2	1	3	2	0	3	5	4	3	1	
21	21.91209510619319	-102.29327101001698	2	0	1	3	0	2	2	2	2	5	0	4	1	5	5	5	2	0	3	5	
22	21.928677893150162	-102.2902954517249	3	1	5	1	1	3	1	5	2	2	4	2	0	2	5	0	3	1	5	3	
23	21.936556994825995	-102.28635076023473	3	0	5	4	5	4	4	5	5	4	5	5	5	0	0	4	2	5	4	2	
24	21.93457741674962	-102.29197818780267	5	5	1	3	0	5	5	1	0	5	0	1	1	2	1	1	0	5	1	3	
25	21.930265910935013	-102.29864404187134	4	1	0	1	0	2	3	2	3	5	5	3	4	2	0	3	5	4	3	4	
26	21.93379135798077	-102.30071518594141	4	3	3	2	1	1	2	3	4	3	3	4	4	1	2	3	5	2	5	0	
27	21.918061950603445	-102.30510716323808	4	2	1	4	0	0	0	3	3	4	3	5	1	1	0	3	0	0	3	5	
28	21.92756638113339	-102.29821851274409	1	0	3	4	0	5	2	1	0	5	3	2	0	1	2	4	5	1	5	1	
29	21.91999113320084	-102.29597720653365	0	1	1	1	4	0	1	0	4	4	3	0	1	1	3	3	1	5	2	1	
30	21.921083018793972	-102.30247617074559	3	0	4	5	3	5	4	4	0	0	0	0	0	3	5	0	3	4	2	3	
31	21.923106506065672	-102.29584585027834	0	4	1	5	0	3	0	3	5	4	3	1	5	0	1	3	1	4	4	0	
32	21.849701513346194	-102.27901002972155	2	5	0	0	3	4	4	5	5	0	0	5	4	4	5	5	0	3	3	4	
33	21.856090350246962	-102.28121594624687	2	4	1	2	1	0	5	0	4	0	1	4	5	3	2	3	5	4	3	3	
34	21.870536628554156	-102.28347551238153	3	4	1	3	2	0	1	4	1	0	0	4	3	0	2	5	5	4	0	1	
35	21.869867198576515	-102.27585808731642	4	2	3	5	0	4	0	2	3	3	3	5	4	2	3	0	2	5	5	5	
36	21.87349664634075	-102.28288130346458	4	0	0	2	1	1	5	5	2	2	2	4	0	3	1	1	1	3	5	4	
37	21.888205437533834	-102.2810040179892	5	0	2	4	3	3	3	1	1	4	3	5	3	1	5	5	5	5	3	0	
38	21.891348669319836	-102.28149308524875	3	5	3	5	1	0	3	1	2	0	3	3	3	2	5	4	2	3	4	4	
39	21.878747219758544	-102.26275118900209	5	0	5	4	3	2	0	2	2	3	1	5	4	2	1	3	3	3	5	3	
40	21.875344015305323	-102.26615309015673	3	4	5	4	0	4	3	0	4	4	2	0	0	2	3	3	5	3	0	1	
41	21.87966630706966	-102.27982311356945	4	5	0	5	2	0	2	5	0	1	2	5	0	2	3	5	1	0	4	3	
42	21.900556344735666	-102.28352259027089	4	1	1	3	4	5	3	3	4	2	4	5	4	4	1	3	5	1	4	0	
43	21.91362142979339	-102.2669079084356	1	4	2	0	1	5	5	4	0	0	4	2	5	1	3	2	4	3	1	0	
44	21.8991506227077	-102.27293985224503	5	5	1	2	5	1	0	4	4	5	4	4	4	1	3	1	0	0	0	4	
45	21.915804893608197	-102.26680112386117	5	4	0	2	0	2	5	2	1	0	0	4	5	1	5	4	2	3	1	1	
46	21.89861638407836	-102.269913636849	4	4	0	5	3	2	3	4	5	0	0	4	5	3	1	2	0	3	2	0	
47	21.93022418219476	-102.26191449919911	1	5	0	2	5	3	1	3	4	0	2	1	0	5	5	3	3	5	5	2	
48	21.933262886744988	-102.28237119477382	1	1	0	1	2	1	5	2	2	4	4	2	3	3	4	0	3	0	1	4	
49	21.942059499389117	-102.27936606921857	0	1	3	0	4	2	2	4	0	0	0	0	5	4	2	3	4	2	3	2	
50	21.92536339165489	-102.2704883850955	4	3	0	1	2	2	3	0	3	5	3	5	2	5	1	1	4	3	2	1	
51	21.921246055650442	-102.28113057336759	5	1	1	0	0	0	1	2	2	5	0	3	3	5	4	1	2	2	4	0	
52	21.939885467841712	-102.26194400482044	1	4	0	3	1	1	0	2	2	5	2	1	3	2	5	1	4	0	0	4	
53	21.922132443811037	-102.26796763897575	2	2	2	1	0	1	0	4	3	2	1	0	2	0	4	3	5	1	1	2	
54	21.927359669237806	-102.26662416666038	1	0	3	3	1	1	2	4	5	2	4	1	4	5	4	3	4	2	4	0	
55	21.922065993025917	-102.27861929583557	3	5	1	5	3	4	2	1	5	0	2	3	3	2	0	1	4	3	4	0	
56	21.929446876614648	-102.2703354844995	3	1	1	1	2	1	4	2	3	3	2	2	1	3	4	0	4	5	1	3	
57	21.93499819199282	-102.26876663686875	3	1	1	0	2	4	3	2	1	4	4	3	1	0	0	0	1	5	0	5	
58	21.937566394795418	-102.26268571226659	1	0	1	3	5	5	2	2	3	3	4	3	0	0	1	1	5	3	4	5	
59	21.92518370878113	-102.26901246933411	4	0	1	5	0	1	4	5	3	3	3	5	5	0	5	3	4	5	4	0	
60	21.93337913362139	-102.27963827244163	2	2	3	1	1	5	3	2	1	5	5	0	0	2	5	5	4	2	3	2	
61	21.93390516179696	-102.27836622410761	1	1	5	1	4	1	5	1	3	0	3	3	0	3	4	1	1	3	5	1	
62	21.92359889855204	-102.27422069374772	0	4	5	0	0	5	4	4	4	2	4	1	2	1	0	0	4	0	4	2	
63	21.921945480805235	-102.27701778700474	0	3	0	4	3	0	1	1	5	4	4	2	3	5	0	4	2	1	5	1	
64	21.937248437907904	-102.27585775440195	2	5	4	2	1	4	0	0	1	1	2	1	5	2	4	3	4	1	0	1	
65	21.926554244492593	-102.2761440986919	4	4	1	5	3	4	4	5	1	4	0	3	2	4	4	2	0	2	2	3	
66	21.92776291481174	-102.26859667701923	2	0	0	0	5	1	2	4	1	2	0	0	1	2	3	0	3	3	2	4	
67	21.844973445359404	-102.24035878476957	4	1	1	4	0	1	1	4	5	2	2	1	2	4	5	5	3	1	4	1	
68	21.860863767630015	-102.24292451888721	3	2	2	1	4	2	4	1	4	4	5	3	3	3	0	3	0	2	3	5	
69	21.858491068218058	-102.25319979797675	1	3	3	0	4	0	0	0	1	2	1	2	4	1	1	1	5	5	3	0	
70	21.84407473783638	-102.23926841165336	1	2	2	1	3	1	3	3	1	4	0	5	5	0	1	5	3	5	5	4	
71	21.846378877203477	-102.24277957724296	4	2	5	5	5	4	1	3	5	4	4	3	3	0	1	0	2	5	1	2	
72	21.88374934567123	-102.23939867186299	4	5	4	5	0	2	1	3	1	4	0	2	1	3	0	5	2	0	5	4	
73	21.871486058330344	-102.25509982170527	4	3	3	1	0	1	3	3	2	1	2	4	2	5	1	2	2	0	3	5	
74	21.87861864493438	-102.24480849005226	3	2	1	3	5	5	2	1	1	5	3	2	0	2	2	5	0	5	0	3	
75	21.885352398066544	-102.25995772800758	3	4	2	1	5	3	2	5	2	2	4	5	2	5	4	3	5	5	3	5	
76	21.906741585704633	-102.26108189509081	3	5	1	0	4	2	5	4	0	5	0	5	1	4	2	3	5	4	3	3	
77	21.898633559171575	-102.25146213681057	1	0	4	0	2	0	2	0	5	0	2	1	5	5	5	2	5	2	0	5	
78	21.916507279385044	-102.24561937030796	3	5	3	5	0	4	3	3	4	1	0	2	0	0	0	2	4	2	5	5	
79	21.90596315490302	-102.25728931762026	1	2	2	4	5	0	3	4	4	4	0	1	3	1	1	0	2	5	5	5	
80	21.899590914628213	-102.24785143634425	2	1	2	2	5	0	3	0	4	3	4	4	2	3	3	1	2	3	2	1	
81	21.900349150964953	-102.2544535550651	5	2	0	0	3	2	3	1	3	4	0	3	4	3	0	1	4	1	1	2	
82	21.89551436458426	-102.2538889584971	5	4	3	4	5	1	5	3	0	4	4	5	4	4	5	5	5	5	1	1	
83	21.89395877883038	-102.24933564213097	0	4	2	1	2	1	0	1	0	5	5	5	4	2	1	5	2	2	5	1	
84	21.918029981906862	-102.24769751684708	1	4	3	0	4	3	3	1	2	1	4	5	1	3	4	4	0	3	3	5	
85	21.923707509347132	-102.25608346758814	1	3	0	3	2	0	0	4	0	0	5	2	1	1	5	3	5	4	0	4	
86	21.939458125100572	-102.25991939813612	4	4	4	0	5	2	3	0	1	5	3	4	5	0	5	0	2	2	5	2	
87	21.917813733917	-102.25725125172411	2	0	2	5	0	4	2	0	1	2	3	1	5	2	3	1	3	0	1	5	
88	21.93489929459379	-102.25844409161995	2	5	2	5	3	4	3	1	3	4	3	2	3	5	5	4	2	1	5	4	
89	21.935317590547285	-102.24792452052692	1	2	5	3	4	3	5	0	1	0	5	0	3	2	5	5	4	2	0	0	
90	21.94048840678936	-102.24364796651928	0	2	5	4	5	0	2	1	3	2	5	5	4	1	1	4	0	4	5	2	
91	21.923110072973508	-102.25100996492584	5	1	3	4	4	0	0	2	0	4	4	2	4	2	5	5	4	2	0	5	
92	21.928939806651176	-102.25887168114576	0	5	5	3	4	3	1	3	1	2	2	1	1	5	3	1	0	2	1	1	
93	21.919222392331605	-102.25530178512572	4	3	5	5	5	2	5	4	3	4	5	3	5	4	5	2	3	4	3	4	
94	21.9431434178377	-102.24027589536284	5	1	3	2	3	2	3	5	1	3	5	5	1	0	5	5	4	1	4	1	
95	21.91770535407719	-102.25704709997542	5	4	0	0	2	3	4	1	2	2	1	4	3	5	0	5	2	4	5	5	
96	21.923732311582558	-102.2395933940568	1	4	1	5	0	4	0	3	3	0	4	4	5	3	5	4	1	5	4	3	
97	21.92238910146637	-102.26066237708369	4	1	4	0	1	3	4	4	5	4	5	5	4	4	4	5	3	2	1	4	
98	21.93871022693209	-102.24773565167514	2	2	0	0	4	2	1	3	3	4	2	1	2	1	2	1	4	2	1	4	
99	21.923501103547007	-102.2423073816699	0	0	2	3	4	4	4	2	2	2	3	3	4	5	2	4	3	2	5	0	
100	21.9397481526705	-102.23961320350662	0	3	4	5	4	3	4	4	0	2	2	1	1	1	1	3	1	5	5	3	
