ID 	 X_COORD		 Y_COORD		 F1	F2	F3	F4	F5	F6	F7	F8	F9	F10	F11	F12	F13	F14	F15	F16	F17	F18	F19	F20	
1	21.84958947190405	-102.31784600548367	2	5	5	5	3	4	4	1	3	1	0	1	4	1	0	0	2	1	4	5	
2	21.874566560494703	-102.31676772853388	1	0	3	0	4	4	5	2	2	5	4	5	2	0	1	2	5	4	1	3	
3	21.873878793729954	-102.32397918002002	2	4	2	1	4	3	0	3	5	1	5	2	4	1	2	2	4	5	2	4	
4	21.879272389371504	-102.32858746318564	1	0	3	0	0	5	2	0	3	1	3	5	5	2	4	3	3	0	1	1	
5	21.902424262543175	-102.32480566368528	3	4	5	0	2	4	3	4	2	4	4	3	1	1	1	4	2	5	5	3	
6	21.939602417240206	-102.31594751860312	4	1	0	3	4	0	5	5	4	4	2	0	4	2	2	0	0	1	2	1	
7	21.920236981863674	-102.31959291498286	4	0	2	1	3	4	2	4	3	2	3	4	2	2	3	2	1	4	5	5	
8	21.936377695375107	-102.30891651057127	0	4	1	1	3	0	3	0	0	5	5	5	1	1	1	5	5	0	3	1	
9	21.936963332844993	-102.32843454125074	3	5	2	1	1	5	2	5	0	2	3	0	3	5	0	5	1	3	0	4	
10	21.92758360908313	-102.32719046712707	3	1	3	0	4	2	2	5	3	1	3	3	0	1	5	2	2	5	2	0	
11	21.92036430929215	-102.31626384263049	5	2	3	5	3	2	5	4	5	2	4	4	3	4	4	3	3	0	3	3	
12	21.920546161917517	-102.32254554691586	1	4	0	3	0	3	3	0	5	1	2	4	1	3	1	0	3	3	3	5	
13	21.93636990611959	-102.3152955874563	1	0	4	3	0	5	4	4	2	2	0	1	4	2	5	0	0	4	4	3	
14	21.933962482132305	-102.32249174714961	2	2	2	0	3	2	4	1	5	2	3	4	0	1	2	1	2	4	5	2	
15	21.86275736823984	-102.29049975325455	2	3	5	1	2	0	1	2	5	2	3	1	2	3	4	4	2	4	4	5	
16	21.862418523098828	-102.30258872310137	2	5	5	3	1	1	2	4	5	4	0	5	1	1	3	3	5	1	1	0	
17	21.85234264711124	-102.29723183925228	5	0	5	2	4	2	2	1	3	4	4	0	0	5	5	2	2	4	2	5	
18	21.861669751076636	-102.29074994884351	2	1	4	5	3	0	1	3	5	3	1	2	0	4	3	2	3	0	4	4	
19	21.860110409424045	-102.30387696813071	3	5	4	2	4	4	0	1	5	0	4	3	5	5	2	5	5	5	5	4	
20	21.840105080503157	-102.29198195853553	0	5	0	0	4	2	0	1	4	3	5	3	0	1	5	0	0	4	4	4	
21	21.865172934569088	-102.2989494122437	5	4	4	1	0	2	5	5	1	2	5	1	5	3	5	4	2	4	3	3	
22	21.864225342825577	-102.29947951553558	2	1	2	3	1	1	0	5	1	0	5	1	2	4	2	2	5	5	0	0	
23	21.852652114273564	-102.29913291938618	3	0	1	0	0	1	1	4	4	5	0	5	5	4	1	0	4	2	3	5	
24	21.868722162581253	-102.28556615015108	2	5	0	1	2	1	1	5	5	1	1	1	2	0	1	4	5	4	2	2	
25	21.88863213119138	-102.28467704540151	1	2	1	3	4	0	1	5	5	3	2	4	4	1	2	5	5	4	1	5	
26	21.869972522710828	-102.29167210004269	1	3	3	5	0	0	0	1	1	1	0	5	4	2	2	0	5	0	2	1	
27	21.867106285685892	-102.28844463564424	4	4	2	0	2	3	4	0	3	1	0	3	0	1	2	1	1	5	5	0	
28	21.873801228506842	-102.29612922930994	3	0	1	3	5	1	4	0	5	4	2	1	2	4	3	5	5	1	0	3	
29	21.867042953531026	-102.30543776035377	0	0	1	3	2	2	4	5	4	5	5	1	1	2	0	3	2	2	3	4	
30	21.87260418757112	-102.28768558245527	2	1	2	2	3	1	5	2	5	3	4	0	0	2	5	2	0	4	2	5	
31	21.87909364529181	-102.2949504435906	4	1	5	3	1	3	4	2	1	3	5	4	3	1	2	2	3	3	3	1	
32	21.888325357812718	-102.29932688709069	3	3	5	0	3	4	5	3	5	1	3	0	4	2	4	0	2	3	1	4	
33	21.88507434318181	-102.29921597144909	3	3	0	5	5	1	1	3	1	0	3	3	1	4	4	3	5	1	3	4	
34	21.883019237508016	-102.28585996939486	3	5	4	3	3	3	3	3	2	0	5	3	4	4	5	4	5	0	0	0	
35	21.884848731500867	-102.28514241960968	2	4	1	0	0	3	4	2	4	2	5	4	0	2	5	5	4	1	5	0	
36	21.891100025832063	-102.29255996714006	3	5	4	4	4	1	2	5	5	0	1	1	0	5	0	1	5	1	4	5	
37	21.881828221628048	-102.2917872916308	4	2	3	2	5	5	2	5	4	1	3	0	3	2	3	0	0	0	4	2	
38	21.886962719909192	-102.29762096895621	0	1	0	0	5	5	4	5	0	5	0	5	3	2	5	4	2	2	2	5	
39	21.883274017023183	-102.28680224187907	0	2	1	5	2	5	2	2	5	0	4	2	1	2	2	3	5	3	1	5	
40	21.88730259879742	-102.29468002306209	2	2	3	2	4	5	4	1	2	1	5	3	1	3	0	2	3	3	1	4	
41	21.874221714472107	-102.29361887780853	1	0	2	1	2	1	5	0	1	5	4	3	2	3	4	2	4	4	2	4	
42	21.90179662666622	-102.29828112126705	5	2	4	5	0	5	3	2	3	3	1	3	3	4	3	0	1	3	2	1	
43	21.910525818924214	-102.305037830357	1	1	4	2	4	4	4	4	2	4	4	5	4	4	2	0	2	0	2	0	
44	21.893026561738292	-102.30009928597035	3	1	3	1	2	1	0	3	2	4	1	0	0	3	0	1	1	3	3	0	
45	21.903822018736623	-102.28609974730787	5	2	5	2	3	0	5	4	5	3	0	2	3	0	1	2	0	2	4	3	
46	21.90973682701371	-102.30406232835149	0	3	2	3	2	5	1	2	0	0	0	1	2	3	0	1	0	5	1	5	
47	21.90224471534336	-102.29425299102492	2	2	1	0	2	0	5	3	5	3	3	3	1	5	2	5	1	4	4	4	
48	21.908097475736582	-102.30056022151712	5	2	1	4	3	3	5	0	1	1	3	4	5	0	5	5	4	0	1	2	
49	21.903570416197613	-102.28510443226482	0	5	2	1	0	2	5	4	2	0	1	3	2	2	2	5	1	2	2	1	
50	21.908053552799917	-102.29778994978156	5	5	3	3	4	4	3	4	0	5	0	2	2	4	0	0	1	1	4	5	
51	21.906833266530395	-102.30554197702246	4	0	1	5	4	0	1	3	5	0	1	4	5	3	1	0	2	5	0	0	
52	21.907868745603707	-102.29793502692601	4	4	4	0	3	5	2	2	5	4	2	0	2	2	3	3	1	5	5	4	
53	21.898415611685536	-102.29765687262196	5	5	0	2	1	5	0	3	1	0	4	1	2	2	3	5	5	2	3	5	
54	21.896657138408532	-102.29119477236178	2	0	5	5	5	5	1	1	1	5	0	0	1	2	2	3	5	2	1	5	
55	21.894636420507602	-102.30520307156728	0	3	1	3	4	5	1	0	2	2	2	2	2	1	1	0	3	5	5	0	
56	21.89539062400158	-102.28989275540151	0	2	3	4	4	4	5	5	4	0	5	4	2	2	2	0	4	0	5	5	
57	21.901147249925717	-102.29951398043734	4	4	2	2	1	5	4	0	3	2	1	1	3	4	5	4	0	4	1	0	
58	21.916317067216067	-102.29856412034295	1	2	2	0	0	0	2	3	0	1	5	5	0	2	4	4	5	0	1	1	
59	21.899634337074335	-102.2944598608037	2	4	1	2	4	0	5	1	0	0	3	3	0	2	4	0	3	5	3	0	
60	21.902612252979676	-102.2875848550162	5	5	5	2	3	5	3	0	0	4	3	5	3	1	0	2	3	5	2	3	
61	21.90656991104181	-102.28684344716099	1	1	0	2	0	3	4	1	5	3	3	3	0	3	2	3	0	4	2	0	
62	21.909781169288582	-102.29952478381075	2	4	0	1	4	0	0	4	5	0	5	1	3	5	0	4	5	4	3	1	
63	21.904524920970964	-102.28726130159642	5	3	0	5	3	0	5	1	5	3	3	4	4	0	2	0	1	2	2	0	
64	21.900043110687115	-102.28846492698047	2	1	5	5	1	1	5	5	1	5	3	0	4	4	3	4	1	1	3	4	
65	21.911831933334586	-102.30456621198275	4	0	3	4	0	1	3	5	1	3	4	2	3	4	2	0	5	3	3	5	
66	21.936163656531548	-102.28469647123302	2	5	4	2	4	5	0	0	3	2	4	5	0	4	4	5	3	4	3	1	
67	21.940770583437107	-102.29838859799072	1	3	1	0	0	5	3	0	3	5	1	1	4	4	4	4	5	0	1	1	
68	21.936158633594584	-102.30295498766355	3	3	3	1	4	4	2	0	5	5	5	0	4	1	2	0	0	5	2	4	
69	21.93146012012954	-102.3036282706139	4	2	4	4	4	0	2	3	0	3	0	0	3	5	1	5	1	0	2	2	
70	21.931474934809067	-102.30344323828311	3	0	2	2	3	3	4	2	5	2	3	0	5	4	4	1	0	2	1	2	
71	21.920193140747177	-102.30147361766352	2	4	0	5	0	2	0	2	0	3	1	0	3	4	5	4	4	1	4	0	
72	21.94052822880443	-102.30193746369848	2	2	2	0	4	3	5	5	1	5	2	4	4	0	0	1	3	0	4	1	
73	21.926324641125838	-102.30220976857609	5	5	2	5	0	4	2	3	5	0	0	5	4	0	4	3	5	3	0	0	
74	21.932072565344015	-102.29755514673151	3	0	5	3	4	2	1	4	2	3	2	2	2	5	5	1	1	1	3	3	
75	21.921019321501237	-102.3031561456606	4	1	4	1	4	3	4	5	5	3	4	0	5	5	3	1	3	1	1	2	
76	21.932343684167776	-102.2958201392678	4	2	1	1	0	4	3	0	2	0	4	3	2	3	5	1	1	0	0	4	
77	21.935067964549233	-102.28925448256237	5	4	4	2	0	3	5	2	1	4	4	0	4	4	3	5	1	1	3	0	
78	21.927326155880404	-102.30251217138677	4	3	4	1	0	1	0	0	5	1	0	5	2	3	5	5	3	5	1	2	
79	21.92978957827139	-102.3016005869412	2	0	5	1	4	5	5	5	1	2	3	5	0	3	2	1	2	4	1	4	
80	21.917761359706603	-102.29294471272513	3	4	0	2	1	3	2	5	0	5	2	1	3	4	5	1	4	1	0	5	
81	21.930717629138964	-102.30307435816397	2	3	0	1	3	2	5	3	4	2	0	0	5	0	0	2	5	5	2	3	
82	21.922349695586632	-102.29941756987064	1	4	5	0	2	5	4	1	2	2	0	1	3	1	4	3	3	2	1	4	
83	21.928001562805346	-102.28868043838933	1	2	1	0	0	0	3	4	2	3	3	0	4	5	5	3	2	1	3	3	
84	21.932526999328118	-102.28624106415857	5	4	1	4	3	0	0	1	1	0	3	3	4	4	4	3	2	5	0	2	
85	21.93945969141555	-102.29575912376339	4	2	4	1	3	1	0	4	0	0	0	4	2	5	5	5	2	0	4	1	
86	21.939782961860008	-102.29913980448032	1	2	4	3	0	0	0	1	5	5	4	4	0	1	2	1	2	1	0	1	
87	21.919113653010044	-102.29270504270015	1	2	5	4	1	5	3	3	1	3	3	2	2	4	5	4	1	0	4	0	
88	21.925707989907014	-102.29744692625827	0	3	3	0	2	4	4	0	2	4	1	3	3	3	1	4	2	4	0	1	
89	21.936203766570202	-102.29641835652333	5	1	0	2	0	3	0	1	4	0	4	4	1	2	1	0	3	2	1	2	
90	21.92007069463724	-102.30058451877103	0	5	3	3	5	4	1	5	4	0	1	5	4	1	5	2	5	5	4	4	
91	21.926354441487504	-102.3001897016559	4	1	0	0	0	3	3	3	0	2	4	0	2	2	5	1	1	0	2	0	
92	21.93742136861945	-102.30091078767396	2	2	1	4	0	2	0	4	0	4	3	0	2	5	1	1	4	5	2	4	
93	21.921486379911546	-102.2940960558309	2	3	5	5	2	0	1	1	3	5	1	3	5	4	1	5	1	3	0	4	
94	21.919304507129134	-102.28869956550815	3	4	3	5	3	4	0	2	4	3	2	5	3	1	0	4	2	2	4	4	
95	21.941602017454887	-102.28540659721573	4	5	1	3	3	1	1	4	2	1	1	0	2	3	4	5	0	0	2	5	
96	21.853882408538794	-102.28379076023194	5	2	0	3	5	5	2	4	0	3	1	4	3	4	3	0	5	1	5	1	
97	21.84322620962521	-102.28333921321925	5	2	0	0	1	0	2	3	3	5	5	5	5	3	4	3	3	0	1	4	
98	21.856808522011168	-102.26494195146844	0	0	0	3	2	2	1	3	4	0	0	2	3	2	1	4	4	3	3	3	
99	21.864313763135907	-102.26844150854757	1	2	5	4	3	3	5	2	3	1	3	4	5	5	4	5	4	3	0	4	
100	21.862119083983334	-102.26584975707065	3	2	2	1	0	5	2	1	2	2	1	5	4	2	1	5	2	3	3	5	
101	21.852216666182773	-102.2659644135603	0	0	5	5	5	0	5	2	5	0	1	0	4	4	3	4	2	1	1	2	
102	21.852655980944746	-102.2740211808648	3	5	5	3	4	3	1	1	1	1	3	3	5	1	0	4	4	3	2	2	
103	21.872309433637028	-102.28208775589007	2	5	4	3	3	3	3	4	1	0	2	3	4	1	4	3	3	4	3	2	
104	21.88355568381972	-102.27504622154945	3	2	3	2	4	1	4	4	5	0	1	5	4	4	5	3	1	4	2	0	
105	21.88528178521773	-102.27387481757498	4	1	0	3	0	2	0	0	1	2	2	2	3	2	1	2	2	4	3	2	
106	21.87575914928562	-102.27465229941185	5	3	2	5	4	0	1	5	3	2	4	3	4	0	2	2	3	1	5	5	
107	21.873438446418636	-102.27227510889027	0	5	2	4	1	3	0	3	1	4	5	5	0	0	1	5	2	5	2	3	
108	21.868992179336043	-102.2742668245578	0	1	4	3	3	0	0	4	0	1	4	3	5	2	4	3	3	3	5	0	
109	21.872097178114466	-102.26912246842448	0	4	5	4	1	3	2	4	4	0	3	1	4	4	0	0	3	2	3	3	
110	21.869987092405484	-102.2806383426128	1	4	3	1	2	2	4	0	1	1	3	5	3	5	5	1	3	5	1	3	
111	21.88863374041521	-102.26176667458111	5	1	4	5	1	0	1	5	5	0	1	1	3	3	4	3	4	5	2	0	
112	21.87189272601316	-102.26337985000251	5	5	5	3	2	0	5	2	2	2	4	4	4	5	1	3	0	4	3	4	
113	21.879531035985643	-102.28169791958575	1	3	3	2	1	4	5	3	0	2	2	4	1	0	2	0	2	1	1	0	
114	21.877143290072297	-102.28134724719042	0	0	3	5	1	5	3	4	5	1	0	4	3	0	3	4	1	3	4	3	
115	21.888707310365714	-102.28084093113054	5	4	2	2	5	3	5	0	0	3	3	3	5	1	5	4	3	1	0	5	
116	21.878204502823845	-102.28112878371151	4	3	2	0	3	3	5	5	1	2	0	4	3	5	1	3	4	0	1	4	
117	21.887247359321726	-102.26754853580611	1	0	1	3	5	3	3	2	3	2	0	4	0	1	3	1	3	5	4	3	
118	21.876401114556558	-102.26502436444586	4	2	0	5	3	3	2	1	3	5	1	2	2	5	0	3	5	0	2	4	
119	21.875682925436525	-102.28379450355878	4	3	2	0	1	1	4	2	4	0	0	3	3	1	3	1	0	5	2	3	
120	21.881414447292983	-102.26599427177871	5	3	1	4	0	5	0	1	3	4	2	2	1	4	0	4	2	3	4	2	
121	21.88520211724861	-102.26759039589344	0	1	4	4	5	5	0	3	5	2	2	1	4	3	0	1	1	0	2	1	
122	21.886395702974326	-102.2681009501489	0	4	4	4	1	2	3	4	5	1	4	5	2	1	3	1	5	5	1	1	
123	21.884868299188735	-102.26420414767178	4	0	5	5	2	0	5	0	1	0	2	3	5	0	5	4	2	1	3	4	
124	21.87393006892056	-102.27755363148805	0	4	2	2	4	2	2	4	3	3	3	3	2	4	3	4	5	4	1	3	
125	21.867642142560136	-102.2797401297931	5	3	2	4	0	2	1	2	2	3	3	3	4	2	2	1	4	0	3	3	
126	21.88647302761269	-102.27947708684484	4	3	3	2	4	1	3	0	3	0	0	4	3	2	1	5	1	2	1	4	
127	21.91283410642765	-102.26416223171158	0	2	2	3	3	5	1	4	3	5	5	1	2	1	2	5	3	1	4	5	
128	21.894181110084137	-102.26700138642707	5	0	4	2	0	3	1	1	2	1	3	1	5	2	3	0	1	0	4	4	
129	21.899437835884896	-102.26998879975788	3	1	3	0	0	0	1	0	4	5	1	4	5	0	1	3	5	2	4	2	
130	21.916555872883475	-102.27525756110228	3	1	4	5	1	4	5	2	3	0	5	5	1	4	1	5	1	3	0	1	
131	21.909556593538174	-102.27221443779128	0	3	0	0	0	3	1	3	2	1	3	1	1	4	5	0	2	5	5	0	
132	21.914896689354542	-102.27063756228239	5	0	0	3	2	4	3	5	5	4	0	4	5	1	0	2	1	0	5	5	
133	21.895583581033844	-102.27328820869675	2	5	4	4	1	5	2	5	0	1	1	5	4	2	5	3	4	0	1	1	
134	21.901569677686116	-102.26649650019252	0	2	0	2	4	0	3	2	0	4	2	2	1	4	3	4	1	1	1	1	
135	21.90421304616682	-102.27071946886008	4	1	3	0	2	1	5	1	2	1	0	2	4	5	1	1	3	5	3	4	
136	21.905319294604617	-102.26453167317918	3	1	3	0	2	0	1	1	4	0	1	4	1	2	1	1	2	4	2	1	
137	21.91688990230142	-102.28121936079387	5	2	1	5	1	3	0	0	0	5	3	1	3	0	3	3	1	2	5	0	
138	21.91349164532223	-102.27294899145438	3	5	4	5	3	4	4	2	1	5	3	0	5	4	3	2	0	3	3	3	
139	21.907986365075093	-102.2733957712996	2	5	3	5	0	1	4	4	0	2	2	5	0	1	2	1	0	2	5	3	
140	21.89839463073215	-102.26743542262925	5	4	3	4	0	4	1	3	1	2	5	2	4	1	0	0	0	2	5	2	
141	21.895570691282725	-102.26338802366197	1	1	3	2	4	5	4	0	4	1	5	0	5	5	5	2	3	5	2	3	
142	21.920786376481495	-102.27135880634192	4	4	2	4	1	0	5	0	3	5	5	3	1	0	5	4	2	5	0	5	
143	21.921622918193783	-102.26382700985027	3	3	1	5	3	2	3	5	4	4	2	2	4	2	2	3	3	4	0	0	
144	21.942844412098086	-102.27241783818302	4	1	5	3	0	2	3	2	5	5	4	3	1	4	2	1	3	0	4	2	
145	21.942523196775745	-102.28092642246504	5	4	3	5	0	4	5	1	1	2	0	4	3	2	0	3	2	3	1	3	
146	21.940816014770864	-102.27069869206551	2	5	1	3	5	0	0	1	1	4	5	1	4	4	2	0	1	4	5	0	
147	21.92000620187264	-102.27701254664302	0	2	3	1	0	5	2	2	0	0	0	3	4	4	4	2	1	5	4	3	
148	21.92163040238571	-102.26305643127145	4	2	2	4	0	1	1	3	1	1	1	2	0	0	5	4	2	2	2	4	
149	21.938401480720973	-102.27211999514176	3	2	0	5	3	2	2	1	3	3	1	4	1	2	0	5	3	3	0	2	
150	21.92962000960033	-102.26855515581815	3	5	5	1	0	0	5	2	5	1	5	0	0	4	3	0	2	0	5	5	
151	21.925600808221322	-102.27442457820736	1	0	5	5	1	3	4	1	1	0	1	5	3	5	3	3	4	4	0	3	
152	21.919488754696328	-102.26324453594415	2	0	1	2	4	3	2	2	5	4	2	0	4	3	2	4	5	1	3	2	
153	21.92049742690974	-102.26825012446133	3	0	4	2	1	1	2	4	2	1	1	1	2	5	4	3	5	1	5	5	
154	21.91769040426804	-102.27394376176271	3	5	4	4	1	2	2	1	0	4	3	4	3	5	5	0	5	0	5	0	
155	21.936018678571884	-102.26689534451157	4	3	3	5	3	4	1	4	0	0	0	5	4	4	3	4	4	3	1	4	
156	21.935195132878786	-102.26632184674901	4	0	3	4	2	5	3	1	4	1	5	0	2	0	5	2	5	1	3	0	
157	21.9380639763435	-102.27106986292542	0	4	0	1	2	1	5	0	2	2	2	3	4	2	0	1	4	2	1	1	
158	21.91831503702609	-102.27347888597981	4	0	4	1	4	2	2	4	0	5	3	1	2	3	4	2	1	0	2	4	
159	21.93150911800674	-102.27064821742084	5	4	0	5	1	5	5	1	2	2	2	1	4	0	3	3	4	4	1	0	
160	21.937422766706167	-102.28172644008188	4	2	3	2	3	1	0	2	5	3	1	5	3	3	1	5	1	3	4	1	
161	21.92759705380799	-102.27378267353076	0	3	4	1	5	5	2	4	4	1	3	0	1	1	1	1	3	1	2	2	
162	21.942607852263958	-102.26410328083236	1	4	0	0	3	1	3	4	2	2	5	0	3	5	0	0	3	1	0	4	
163	21.92848135961041	-102.26176826824684	2	1	5	1	2	3	3	0	4	5	2	5	0	0	4	1	2	4	1	3	
164	21.930889889813034	-102.2639570614295	2	1	3	5	4	2	2	0	5	5	4	4	3	1	5	1	4	3	2	0	
165	21.93715085596194	-102.27022510357301	1	1	3	2	1	5	3	5	0	5	3	2	3	2	5	2	5	2	5	0	
166	21.924108325735844	-102.26926975055238	4	3	2	2	4	3	2	2	1	1	1	4	3	3	3	0	1	2	1	4	
167	21.937869802999078	-102.27497440493127	2	4	0	5	5	0	4	4	0	5	0	4	5	3	1	1	0	3	2	2	
168	21.92154597634525	-102.28238525469071	3	4	2	5	0	4	5	2	4	2	3	2	1	2	4	5	2	4	0	5	
169	21.940935191276402	-102.27356829675026	4	3	3	2	3	4	2	5	1	2	4	4	5	5	0	4	1	0	1	4	
170	21.943282753458053	-102.26196197716655	5	4	3	1	4	4	2	1	1	2	3	1	5	0	2	4	1	4	0	3	
171	21.930930596098	-102.26879852965374	2	0	3	2	2	1	4	0	3	0	1	4	2	3	3	5	1	4	1	2	
172	21.9277215506346	-102.27062809549247	2	5	4	5	5	5	2	2	3	3	1	3	3	5	5	0	3	5	5	0	
173	21.9382323143503	-102.27374446160232	2	5	2	4	2	5	5	4	1	5	4	3	5	1	4	4	1	5	3	2	
174	21.928171484498563	-102.26914461472668	2	5	2	2	3	2	0	0	3	0	5	3	0	2	5	2	5	0	1	3	
175	21.920131656826626	-102.26190425920942	2	5	0	5	4	1	5	2	5	5	4	0	2	5	2	5	4	1	3	1	
176	21.92770130121575	-102.26213210919151	2	1	0	2	5	4	3	4	2	0	0	2	0	0	5	4	2	0	1	5	
177	21.928625165474706	-102.26973939670205	1	3	1	5	1	1	0	0	1	1	2	2	4	5	0	4	5	2	3	2	
178	21.92288443651802	-102.27606819407643	2	0	4	3	2	3	3	0	1	3	0	1	1	4	3	1	4	2	2	5	
179	21.942165798595486	-102.26518173250983	1	3	4	5	0	3	4	2	4	0	5	3	4	4	0	4	2	2	1	5	
180	21.935550256416324	-102.28005239508431	4	1	5	0	1	5	0	3	5	4	0	5	5	4	5	2	4	4	2	2	
181	21.92925809625918	-102.26798802678626	5	2	2	1	4	1	1	2	3	4	3	4	2	4	5	4	5	4	1	2	
182	21.92746275486125	-102.27614749905516	1	0	5	5	4	3	5	0	4	5	4	1	3	5	4	0	3	5	3	1	
183	21.93837493172268	-102.27643372360248	3	0	5	5	3	4	4	1	0	4	0	0	3	4	1	3	2	1	3	3	
184	21.930429144576657	-102.27370127481325	0	2	3	3	5	0	3	2	0	4	4	5	3	1	5	2	4	3	0	3	
185	21.91930090626296	-102.26392163914657	2	1	4	2	0	4	1	2	2	0	3	2	0	2	0	1	5	4	2	1	
186	21.93627261746967	-102.27434090489717	2	4	3	0	4	1	0	1	5	4	3	3	4	3	3	1	3	1	4	3	
187	21.935263806393536	-102.28128634230605	5	1	3	2	3	0	3	2	1	2	1	2	2	4	0	0	5	1	1	4	
188	21.920251721749974	-102.27447705001846	2	5	5	5	1	3	0	2	2	5	4	3	0	2	4	4	1	2	0	1	
189	21.933995649806658	-102.27750477772469	4	1	5	1	5	4	4	2	3	3	0	3	5	3	4	4	4	1	3	4	
190	21.930412167411554	-102.2617122897983	0	3	3	4	2	3	4	0	2	1	4	0	2	1	4	2	5	2	0	2	
191	21.923463963897266	-102.27822219553772	5	2	4	5	0	3	1	2	4	2	2	4	0	1	4	2	3	3	4	0	
192	21.93878535574997	-102.26642909738335	1	2	3	1	2	4	2	4	2	0	4	5	4	1	4	3	0	1	2	2	
193	21.932682531613207	-102.26253293594726	5	3	3	0	3	3	2	5	4	2	1	1	3	4	4	2	3	5	0	1	
194	21.924543125467036	-102.26535706293153	4	1	1	5	5	0	2	5	5	3	5	3	0	2	1	1	1	2	4	1	
195	21.922991256142875	-102.27596575983058	3	0	3	3	2	4	0	5	2	0	4	3	1	0	1	3	1	0	3	4	
196	21.92255372862625	-102.28380366931466	0	4	3	5	0	1	0	4	2	3	5	3	5	1	4	1	5	3	0	1	
197	21.923321260153315	-102.27700552370281	2	3	0	3	1	4	2	1	5	0	3	2	4	2	4	5	2	5	4	3	
198	21.93265391737692	-102.27611057071336	1	2	5	5	2	0	2	1	3	4	2	1	1	2	3	2	3	4	2	4	
199	21.942823413264055	-102.27398113054785	1	2	2	0	0	3	5	5	3	2	3	0	4	1	5	3	3	1	3	4	
200	21.938093702711303	-102.283860722235	5	1	2	4	4	0	3	5	0	1	0	2	4	5	1	1	5	4	0	1	
201	21.93156782837266	-102.27365932846243	3	3	0	2	0	0	1	1	0	1	0	4	4	0	2	4	2	4	3	2	
202	21.85280930696918	-102.246582206825	3	0	5	2	0	0	3	2	3	1	4	5	0	1	4	0	5	5	1	2	
203	21.86391158472999	-102.2406962854316	3	1	2	3	2	1	3	0	4	0	5	5	1	2	4	0	1	3	1	5	
204	21.84538390302329	-102.24062842631977	5	0	2	0	2	4	2	5	3	0	5	0	5	4	2	0	5	5	1	1	
205	21.86224704307873	-102.25876470225089	1	1	0	0	4	3	3	2	2	3	0	1	0	0	2	0	5	0	2	0	
206	21.8490267632904	-102.25620858164996	3	0	3	1	3	2	4	5	3	1	2	3	4	4	1	5	3	0	4	5	
207	21.840496835806096	-102.25851816581125	1	1	3	0	2	0	4	1	1	2	3	4	2	5	4	4	5	3	0	4	
208	21.84977675717601	-102.25040883561772	0	4	3	0	3	1	3	0	2	5	5	0	0	2	1	0	2	0	3	5	
209	21.849230240403088	-102.25123457237471	5	5	3	4	2	4	1	4	2	3	0	4	2	1	5	1	5	0	0	2	
210	21.84537423475487	-102.25740407951633	4	0	2	5	0	0	4	3	3	0	5	1	3	4	4	5	2	1	1	4	
211	21.846201354631916	-102.24952276597251	3	2	3	3	5	4	2	3	3	1	5	0	3	5	0	3	2	2	0	2	
212	21.85389614088967	-102.2406188097872	0	1	4	4	0	1	5	5	3	0	4	3	4	4	3	0	3	3	3	5	
213	21.85721793187703	-102.24340500724443	0	0	4	5	4	5	2	4	0	0	4	4	1	2	3	0	3	3	3	5	
214	21.86433369497276	-102.24979295217844	0	4	4	3	4	2	1	3	1	4	2	0	3	1	5	3	2	3	1	3	
215	21.85369334007689	-102.2592767227894	0	0	4	5	1	5	4	3	2	4	4	1	4	3	5	3	1	0	3	0	
216	21.85282270385176	-102.2450038760673	4	1	5	4	0	1	2	4	5	3	0	0	2	5	0	4	3	0	1	3	
217	21.887272782201354	-102.24837846469713	1	5	1	4	1	3	4	0	3	3	1	0	1	4	0	4	5	0	0	1	
218	21.88288872748617	-102.26039249415633	5	4	1	0	5	3	5	2	0	3	3	0	5	1	4	2	3	1	3	0	
219	21.87534899065112	-102.24005129827727	0	0	0	0	3	2	4	5	0	0	5	4	0	3	5	0	1	1	1	2	
220	21.87051032022278	-102.26060215329974	2	1	4	2	4	0	2	0	5	0	4	1	0	1	4	0	4	5	1	5	
221	21.870674384435137	-102.2492051805208	2	0	2	5	4	5	5	2	0	0	4	2	3	2	5	2	5	0	0	2	
222	21.865919270878845	-102.25337946823282	4	4	1	2	3	4	3	1	4	2	2	5	3	2	0	1	3	2	2	5	
223	21.874925475415726	-102.2607015882132	1	2	4	5	0	3	0	0	1	3	5	0	3	2	3	3	2	4	0	3	
224	21.867786841740795	-102.25189581864817	0	5	5	3	2	1	2	4	4	4	3	3	2	4	3	4	4	1	4	2	
225	21.868173467442027	-102.2559512903968	5	3	0	5	3	4	2	3	0	3	0	3	3	5	0	0	1	2	2	2	
226	21.884300725603456	-102.25092702000177	0	5	5	5	2	5	2	5	4	5	3	3	4	3	1	2	0	4	4	2	
227	21.888814567610495	-102.23985834113984	2	3	5	5	2	3	1	1	1	2	5	1	0	2	3	2	5	3	0	3	
228	21.871202118851297	-102.25074873834467	1	2	3	3	2	0	3	4	2	4	4	4	2	5	4	3	5	3	3	5	
229	21.883023048643096	-102.24619784548	4	5	5	4	5	4	2	0	5	1	0	0	3	4	4	2	0	2	1	3	
230	21.869553192540554	-102.24005165356611	3	3	3	0	0	1	1	3	1	0	3	4	0	4	1	3	2	3	0	3	
231	21.884240142474106	-102.24838464475334	0	0	0	2	5	3	2	3	2	4	0	4	1	0	1	5	2	1	2	2	
232	21.916832956351282	-102.25848915819299	3	2	5	5	4	3	5	0	3	0	2	3	4	0	1	5	4	4	1	2	
233	21.896073723623076	-102.24055525874996	2	4	0	3	1	0	2	2	0	3	3	2	4	3	0	4	3	1	3	4	
234	21.903279375605223	-102.2442402929217	2	5	1	0	5	2	1	2	0	2	1	3	0	3	0	1	5	4	0	0	
235	21.896997451172084	-102.2533283988374	5	5	0	0	4	4	5	1	5	0	5	4	0	5	2	0	2	5	2	3	
236	21.904835055381195	-102.24744353949363	4	0	0	4	3	3	3	2	0	1	4	4	2	5	3	1	0	4	2	1	
237	21.907669380173694	-102.24848891878038	3	1	0	0	1	1	2	5	0	2	4	0	3	1	3	0	0	5	5	3	
238	21.912420792870364	-102.24457415900505	4	3	5	5	1	2	5	3	1	5	3	0	0	5	1	5	1	2	4	4	
239	21.896145388801255	-102.25186790151895	1	5	1	5	5	0	0	4	0	2	1	4	1	2	3	0	2	1	5	1	
240	21.904286471408803	-102.25329841450565	5	2	5	3	3	3	4	0	1	0	3	0	4	2	2	2	1	0	4	3	
241	21.898136477083497	-102.24266625733638	2	2	2	1	4	2	1	1	1	5	0	0	5	5	0	5	4	0	4	4	
242	21.912187677091257	-102.24761347510729	5	4	3	1	2	3	5	2	1	1	3	0	0	0	3	4	3	0	2	0	
243	21.898179258542843	-102.24589104927152	5	5	1	2	1	5	2	2	2	3	1	1	2	5	0	1	1	0	4	4	
244	21.91234482143513	-102.2435848339455	4	0	1	4	3	4	5	0	2	3	0	0	4	4	5	0	1	1	0	1	
245	21.911465902153644	-102.25819285928796	5	4	0	1	3	3	1	4	2	5	4	4	0	2	0	3	4	2	0	5	
246	21.896390234507514	-102.2517622150143	5	3	2	1	3	0	2	0	3	4	4	4	4	5	0	2	2	4	4	0	
247	21.91638221005485	-102.26041954198136	0	4	0	2	1	0	4	2	5	0	4	5	4	2	5	4	3	3	1	2	
248	21.893162671808327	-102.25682046927382	0	3	2	0	1	2	3	2	5	1	5	5	0	2	3	4	4	1	2	0	
249	21.901711179002454	-102.25181318713508	3	4	5	3	3	3	0	3	0	4	4	0	2	5	4	2	4	4	4	5	
250	21.91292036323208	-102.26003363969126	5	2	5	4	0	3	1	1	4	5	1	2	5	5	1	2	4	3	3	4	
251	21.89779923220199	-102.26092464882082	5	4	4	1	0	2	2	4	2	5	2	2	3	2	2	3	4	5	2	0	
252	21.892078421559972	-102.26054868299913	1	3	5	2	3	5	5	5	1	3	1	1	5	1	1	1	3	1	3	0	
253	21.897116799517836	-102.24982065187022	4	4	0	0	3	1	4	2	5	2	3	2	2	0	4	5	1	1	0	1	
254	21.914253169378885	-102.25438141469105	3	0	0	2	4	3	5	0	2	1	2	3	1	2	1	2	4	0	5	5	
255	21.916228622382302	-102.24179628298316	0	1	5	1	5	1	2	1	3	5	3	4	0	0	5	1	0	4	5	4	
256	21.920300424849067	-102.25575414786955	0	3	4	0	3	2	3	5	5	3	1	1	3	3	2	4	3	3	5	0	
257	21.919971200236613	-102.252005666746	2	2	5	0	1	0	3	4	1	0	5	5	2	2	4	4	5	5	0	3	
258	21.931366161081282	-102.25572572834851	0	4	1	3	5	0	0	0	1	5	4	4	0	0	1	1	4	2	5	1	
259	21.938793573529992	-102.26109716895324	5	5	4	0	2	0	4	1	2	2	2	4	1	5	0	5	0	5	4	0	
260	21.93742940426162	-102.25010210558418	0	5	3	2	2	4	2	5	3	1	3	4	1	2	5	1	1	5	0	4	
261	21.926048834927805	-102.24532410702415	5	4	3	0	1	0	4	2	3	2	5	2	2	5	5	0	1	2	0	0	
262	21.927182752921635	-102.25446264746691	4	5	2	0	3	0	3	2	2	3	1	0	5	2	3	5	3	5	2	4	
263	21.925527956455817	-102.25410265981789	3	1	4	1	2	3	1	3	3	1	2	2	1	2	3	2	1	4	5	5	
264	21.92744020618943	-102.24707191580104	0	4	5	2	2	4	1	1	3	1	3	4	5	5	2	4	3	1	5	5	
265	21.918922310599203	-102.25298054337381	3	1	1	2	2	2	0	5	3	2	0	4	3	1	2	4	4	5	2	2	
266	21.927023849966886	-102.24257849700354	4	2	2	3	2	1	5	5	1	4	5	2	0	5	3	3	4	1	5	0	
267	21.920630470687257	-102.24195631425	5	3	4	3	1	1	3	4	2	4	4	0	0	0	5	3	3	4	3	2	
268	21.929308260495425	-102.26072850358759	0	5	2	1	4	2	3	3	0	0	1	4	1	2	3	5	0	2	4	3	
269	21.93527348500178	-102.23952374809028	2	5	0	3	3	5	4	5	3	0	2	5	2	4	4	3	4	2	2	1	
270	21.941687940448645	-102.24821664842668	1	2	2	0	2	3	3	1	5	0	4	4	2	3	5	2	5	1	3	2	
271	21.92882819904116	-102.25991268900204	5	0	2	4	4	0	2	2	2	2	2	5	4	3	0	4	2	1	4	4	
272	21.91943847090465	-102.25046659205853	4	0	0	4	0	2	5	1	5	4	3	1	1	4	1	1	5	3	2	1	
273	21.92069132225722	-102.26075695684135	3	4	5	5	0	1	2	2	5	4	3	3	2	2	4	4	4	4	2	3	
274	21.934132633061136	-102.25906788976724	0	4	4	0	2	1	4	4	1	4	4	3	4	4	4	4	1	1	0	4	
275	21.92537089139721	-102.25692950593142	5	4	4	4	0	4	1	4	3	1	2	0	3	0	0	3	0	3	2	2	
276	21.926667247684367	-102.25973353729049	5	3	4	3	5	5	3	3	3	1	1	1	2	5	2	5	2	0	1	2	
277	21.931128264620973	-102.24634412024523	4	4	3	0	2	1	3	5	4	2	5	5	2	5	4	0	4	5	4	0	
278	21.930331076175452	-102.2522383027981	0	1	1	4	3	1	3	5	2	1	2	0	0	0	0	3	3	1	2	1	
279	21.94210429400244	-102.25888641798798	4	4	3	3	2	5	4	2	2	1	1	0	1	0	0	3	4	3	3	4	
280	21.920683675397996	-102.24274881408694	2	3	5	1	4	4	3	0	5	3	5	4	1	4	0	0	1	4	0	3	
281	21.939542170382516	-102.24246448746683	3	3	4	4	2	5	4	0	5	4	4	0	3	1	1	2	5	3	3	3	
282	21.93403181627611	-102.2601047601831	2	5	2	4	5	0	2	4	4	5	5	4	0	0	2	5	1	3	3	3	
283	21.918862770191375	-102.25208083928808	0	2	3	5	1	3	0	5	1	2	2	2	4	5	3	4	1	3	4	3	
284	21.922618056998395	-102.25196193995572	2	1	5	4	1	5	2	0	0	3	2	2	2	1	2	5	2	2	0	0	
285	21.922470391589314	-102.26100096835117	0	0	4	4	0	1	2	0	0	4	1	1	2	5	5	5	1	4	4	4	
286	21.94030205997542	-102.24395743072667	1	4	1	1	0	4	3	3	2	2	3	2	0	4	1	0	3	4	3	0	
287	21.933302761428763	-102.24662873461226	3	2	0	1	5	3	2	3	3	4	2	1	5	3	3	3	1	0	0	0	
288	21.918520288539042	-102.24467959270673	5	1	4	5	4	2	1	4	1	5	3	5	4	4	0	3	2	2	3	4	
289	21.939913668152997	-102.24824802556319	4	0	5	4	1	4	3	5	5	4	0	2	1	3	5	0	1	3	3	3	
290	21.93317633762046	-102.24613610254102	0	4	1	0	1	3	5	5	3	5	0	5	1	1	2	2	5	5	2	0	
291	21.9274701224292	-102.2535691062636	2	2	4	5	3	1	4	4	2	2	5	2	4	3	4	4	4	4	1	3	
292	21.93337665555161	-102.2427454927453	5	1	2	0	3	1	5	2	5	1	2	4	5	3	4	3	3	2	3	5	
293	21.926924332141716	-102.24940992628211	5	2	2	1	3	3	0	4	1	2	0	1	4	5	2	3	3	0	5	1	
294	21.922707754440683	-102.23975649657554	0	3	1	2	5	4	5	4	0	0	1	2	5	1	3	1	0	2	5	0	
295	21.93598825000565	-102.24533065921308	3	3	1	5	1	0	2	5	5	4	4	2	1	5	1	1	1	0	4	0	
296	21.921314473779084	-102.25560538173954	0	3	5	2	2	2	3	3	2	2	0	0	3	5	0	3	1	2	5	3	
297	21.917825204961698	-102.25736193655989	3	3	0	0	0	2	5	4	1	5	4	4	5	4	3	1	2	4	2	0	
298	21.936144439043606	-102.25235576525496	4	4	4	0	4	0	1	2	0	4	5	4	5	3	2	2	0	5	4	5	
299	21.928166706629614	-102.25013705673368	1	5	5	2	3	3	2	5	1	1	2	2	4	3	5	4	4	0	2	0	
300	21.939020815271036	-102.25091796916168	2	0	4	0	4	3	2	0	1	1	4	3	5	0	4	4	3	4	1	1	
