ID 	 X_COORD		 Y_COORD		 F1	F2	F3	F4	F5	F6	F7	F8	F9	F10	F11	F12	F13	F14	F15	F16	F17	F18	F19	F20	
1	21.847038254514306	-102.31008804608898	1	4	4	5	3	2	4	1	5	1	5	2	1	1	4	1	0	1	0	1	
2	21.864427526138716	-102.3192153848607	0	2	0	1	2	1	2	2	2	4	0	4	3	5	5	1	0	2	1	2	
3	21.866215075568057	-102.31052397078213	1	5	4	5	2	5	3	3	3	1	3	3	1	5	3	1	0	2	2	3	
4	21.88084722843758	-102.3096078321891	5	2	5	5	1	3	5	0	2	0	0	4	5	2	2	3	0	0	0	1	
5	21.86944729368268	-102.31596567705192	4	1	5	1	0	2	4	3	3	5	5	2	5	3	3	2	4	3	2	2	
6	21.87783087067741	-102.30691050329183	4	4	1	1	1	2	5	5	2	3	4	1	3	4	5	1	4	1	3	3	
7	21.90918499007957	-102.30887220749999	1	1	5	1	4	2	0	3	0	2	3	3	2	5	2	1	5	1	1	0	
8	21.897148754017135	-102.32190818405272	2	1	3	1	5	1	2	5	0	0	5	3	3	2	2	1	1	5	3	2	
9	21.93209584187627	-102.31380021586207	1	4	3	2	0	3	3	1	1	0	2	5	1	3	0	5	5	2	5	3	
10	21.930430607736184	-102.32775498433247	5	3	2	1	2	0	0	0	5	0	4	3	5	1	1	3	0	2	4	0	
11	21.939377479585115	-102.32298827373144	0	5	1	5	3	0	2	4	3	2	3	1	4	2	4	5	2	3	1	3	
12	21.94196957540043	-102.32408124582537	0	5	2	5	0	4	4	1	5	3	4	1	1	3	5	3	4	3	0	2	
13	21.9392203389618	-102.32038805692217	5	4	1	0	0	2	5	5	2	2	5	2	1	1	1	3	2	4	4	3	
14	21.928890541370052	-102.31184251016194	4	0	2	1	3	5	5	5	3	4	2	5	4	3	1	5	5	3	1	5	
15	21.939418941300975	-102.30993100980695	2	3	4	4	0	3	0	1	0	2	1	0	3	5	0	2	2	1	2	1	
16	21.923449208892272	-102.3186352931134	1	3	3	5	0	2	2	3	5	5	3	4	5	2	5	4	5	1	3	5	
17	21.918123988752928	-102.32536318397096	4	2	4	5	1	3	1	5	0	5	0	4	5	0	4	3	0	3	0	1	
18	21.92010635708342	-102.32498498382962	1	5	3	1	2	3	0	2	0	2	0	2	3	0	5	2	3	5	1	1	
19	21.93083242190316	-102.3186664116599	1	5	2	2	1	5	1	2	4	3	3	3	0	4	2	1	3	5	1	3	
20	21.94085379004256	-102.32105097940887	4	3	1	3	3	2	2	5	4	1	3	4	3	4	5	2	1	2	3	1	
21	21.854561056523682	-102.29559996919788	1	1	4	1	4	2	5	5	5	4	5	5	0	5	4	2	4	3	4	5	
22	21.859326392238334	-102.30305320539233	1	4	0	0	1	5	5	0	1	3	1	4	2	3	2	5	5	0	3	3	
23	21.86475735803144	-102.30226660003716	4	0	3	5	0	5	1	5	2	4	0	5	0	0	3	4	0	4	2	5	
24	21.85534890358658	-102.2962230657408	2	5	3	3	3	0	2	0	2	0	3	0	3	3	4	3	5	1	2	4	
25	21.85284468546422	-102.3052884486068	1	1	2	3	2	4	0	1	0	0	3	4	4	4	3	4	3	2	1	3	
26	21.851409372097578	-102.29255592525256	5	0	4	3	3	5	2	1	4	3	1	1	4	4	0	1	1	4	2	1	
27	21.853614329470915	-102.30457662803823	4	3	4	3	5	3	5	0	5	0	5	2	1	2	5	2	4	0	4	4	
28	21.840250346767554	-102.30386138679881	4	4	0	0	5	3	4	5	1	5	5	5	0	5	2	5	4	1	3	5	
29	21.847257996541178	-102.30517682185504	3	2	4	2	2	2	5	0	5	3	3	4	0	3	0	0	2	2	1	1	
30	21.841263330891703	-102.29486585169852	4	5	4	0	1	3	2	5	0	0	2	5	1	2	1	3	1	4	4	2	
31	21.861498325449116	-102.28954850197985	0	1	5	5	0	3	3	3	0	1	0	4	4	5	0	4	4	2	2	5	
32	21.850159091048265	-102.2891527267164	4	3	5	1	0	3	4	4	5	0	3	5	0	5	2	4	4	1	4	1	
33	21.887945964763816	-102.28916937652157	2	1	0	1	0	0	0	3	4	5	4	2	2	2	0	2	1	5	5	4	
34	21.87546992446893	-102.29520979087926	4	1	5	1	0	0	4	1	3	0	2	4	4	1	2	4	5	4	1	5	
35	21.865910925840407	-102.2968361244142	2	0	2	5	2	3	3	3	3	0	4	5	5	2	2	3	5	2	4	2	
36	21.88109262704923	-102.29027081631028	2	1	4	0	5	3	2	4	1	3	0	0	0	1	0	0	3	0	1	0	
37	21.88089476324446	-102.2904739610926	4	4	3	3	0	4	0	1	2	0	1	4	3	0	0	2	1	3	5	2	
38	21.884420562111746	-102.30038489615104	2	4	3	0	1	5	2	1	1	0	5	4	0	3	4	0	4	2	1	0	
39	21.87703715204484	-102.29834576663805	2	4	1	4	1	2	5	5	1	5	3	0	5	3	4	0	2	3	4	5	
40	21.872932495994494	-102.2991113039744	1	5	1	3	1	2	2	3	2	3	5	2	1	5	5	1	3	4	4	5	
41	21.870969540509652	-102.2920744718134	4	4	3	1	3	3	4	0	1	4	1	2	5	5	2	4	3	4	2	1	
42	21.89060248583203	-102.28804734948673	0	5	0	4	4	4	4	1	1	5	2	3	2	1	4	5	3	0	5	3	
43	21.883090034428857	-102.28811471696153	4	3	2	3	2	3	2	4	0	3	3	5	2	5	5	3	4	2	2	1	
44	21.88199495182733	-102.30479999861696	4	3	5	4	5	1	2	5	1	5	3	0	2	3	4	4	3	0	3	5	
45	21.867876403243322	-102.29104399793526	1	1	1	2	0	3	5	4	0	5	2	2	1	5	2	4	4	1	4	5	
46	21.88597073644697	-102.29895268947902	4	1	5	4	5	5	0	3	5	5	2	2	3	5	3	3	5	5	2	3	
47	21.86875317755797	-102.30437232626882	5	2	1	1	2	0	1	5	1	4	1	4	2	1	4	2	0	1	5	0	
48	21.886077818358856	-102.3013607003255	2	2	5	5	2	0	2	4	2	2	2	1	0	3	0	1	4	2	3	5	
49	21.88359336669613	-102.28746472247428	5	3	0	3	0	5	4	1	0	4	5	4	5	3	5	2	0	3	3	5	
50	21.87726662434501	-102.30603181133907	4	1	4	0	1	5	4	1	1	2	2	2	5	1	0	4	1	5	5	3	
51	21.889022611903563	-102.29553335359547	5	5	3	1	4	3	5	4	2	2	1	4	0	5	5	0	0	1	5	4	
52	21.87929060640506	-102.28544162810513	3	3	2	2	0	0	0	2	0	0	1	0	0	2	0	5	0	3	5	4	
53	21.877159352861593	-102.29251263312067	5	3	1	3	1	0	3	5	4	4	3	3	2	4	5	3	1	0	0	5	
54	21.8694633870169	-102.2918528281381	1	5	2	1	3	5	0	2	1	0	2	0	3	0	2	1	4	5	4	2	
55	21.88132000647052	-102.28680072030868	5	3	2	3	3	5	5	2	4	4	5	1	5	4	5	4	2	0	5	2	
56	21.877178378735117	-102.29951326395125	3	4	5	4	5	4	4	3	1	0	5	1	0	0	1	2	5	3	3	3	
57	21.89669491981257	-102.29788929755694	2	2	0	5	1	5	1	4	0	1	0	1	1	2	4	2	2	3	5	4	
58	21.909229402938557	-102.30347484498317	1	3	2	0	5	1	5	1	1	3	4	3	2	4	1	5	1	2	3	3	
59	21.909182994974937	-102.29946263609092	2	3	2	2	5	0	4	1	1	5	1	1	1	3	2	3	5	4	1	5	
60	21.89819584077775	-102.29786355896884	3	0	1	4	3	5	4	1	4	4	5	2	3	0	0	5	4	1	1	5	
61	21.89287230298875	-102.2915483478279	3	4	3	5	3	5	0	4	2	0	5	2	4	4	3	1	4	4	1	2	
62	21.90791368762093	-102.2999149158746	3	3	3	5	3	3	1	0	4	1	1	0	1	3	2	5	3	2	3	0	
63	21.90715722220414	-102.29466818320039	3	3	1	3	2	0	5	4	1	2	3	1	4	1	3	1	1	1	3	5	
64	21.91601823842353	-102.29828762059373	4	3	5	2	1	3	5	4	4	4	0	0	3	5	0	3	2	2	0	1	
65	21.903557102404942	-102.28643792144197	2	5	5	4	4	5	3	3	1	4	4	0	5	1	0	2	4	4	3	0	
66	21.896930836872674	-102.29325303834575	1	3	2	2	3	5	1	4	0	4	3	1	0	0	4	3	5	4	3	3	
67	21.896935419544125	-102.30484315487715	5	0	0	4	0	3	0	5	5	2	4	0	5	0	0	3	0	2	5	3	
68	21.900563450627747	-102.29010605390901	1	0	0	0	4	2	2	4	2	2	0	0	0	3	0	4	1	5	4	1	
69	21.8951479908229	-102.30059829588748	5	1	0	1	2	0	2	5	0	1	0	1	0	0	2	2	3	4	4	1	
70	21.911205115661794	-102.28658724360425	1	2	5	0	1	3	3	4	0	0	4	5	4	4	2	5	4	2	3	0	
71	21.916796763795976	-102.28650671389333	2	4	1	0	5	0	3	5	1	3	4	5	5	4	5	3	1	3	2	2	
72	21.907046976498943	-102.30379008059293	3	4	3	5	2	4	5	1	0	4	3	4	0	5	3	1	1	4	4	2	
73	21.913563761784538	-102.29771827765823	1	4	0	4	1	0	3	1	4	0	3	1	0	3	3	5	5	0	3	1	
74	21.895739674557966	-102.29960761678656	0	3	0	2	2	4	2	5	4	1	0	1	3	5	1	4	3	2	3	0	
75	21.916960046946365	-102.29713249205851	3	3	2	4	2	4	4	5	0	5	4	5	3	2	4	1	4	4	4	2	
76	21.910693320468262	-102.30362955274369	2	1	4	4	2	5	4	0	1	4	4	0	4	2	0	4	1	3	2	5	
77	21.91001205140594	-102.29342638519906	1	4	5	3	1	5	1	3	1	0	4	5	3	4	3	0	1	0	1	1	
78	21.898518647449798	-102.29097039392373	3	2	1	3	3	1	4	0	2	2	1	1	3	3	1	1	0	4	0	1	
79	21.908019246025585	-102.29273954543395	1	4	3	2	3	4	1	5	4	3	0	0	3	2	0	3	1	3	5	5	
80	21.894913763473507	-102.2979861900537	3	4	5	1	3	0	3	5	0	5	3	4	2	5	1	2	5	5	1	5	
81	21.90195610026216	-102.29338084963932	1	2	4	1	2	3	5	0	3	1	3	0	5	3	4	4	2	2	4	1	
82	21.903289173909624	-102.29266215904737	0	1	3	4	1	5	3	2	2	1	1	2	5	5	4	4	4	0	3	5	
83	21.894430648383146	-102.301058053175	4	4	0	0	2	5	3	3	4	5	1	4	0	5	3	2	2	2	3	5	
84	21.8922390147022	-102.30129296200037	2	0	2	3	4	2	3	5	3	2	0	4	5	5	3	3	2	2	2	5	
85	21.91122040397788	-102.30403351314355	2	5	1	2	1	3	5	1	3	2	4	5	3	0	3	0	4	4	4	2	
86	21.91526952711169	-102.30430190885197	1	3	1	2	3	1	1	1	5	3	1	0	4	4	0	2	2	0	2	0	
87	21.89335729941566	-102.29750076754132	5	5	4	0	0	4	2	0	0	1	5	2	1	3	4	5	3	3	2	5	
88	21.910361302180146	-102.301238834947	4	3	4	5	3	5	1	4	1	4	0	3	3	5	0	1	2	4	2	5	
89	21.92692979257256	-102.29346384850848	0	0	2	4	0	0	1	4	0	4	3	2	3	4	1	5	0	2	1	4	
90	21.935551806634123	-102.29977827890144	5	4	0	5	5	4	1	0	1	5	0	2	4	1	1	3	0	4	2	1	
91	21.91878940936838	-102.28749990908398	4	1	3	4	5	2	2	5	3	3	2	0	3	5	2	3	4	3	0	2	
92	21.930890182479835	-102.30600071343287	4	5	5	1	4	5	5	0	5	3	3	1	5	0	2	4	5	3	1	4	
93	21.94014920735582	-102.28511641763995	2	4	0	2	5	2	2	3	3	0	3	2	4	4	2	0	2	4	1	5	
94	21.9246425828645	-102.30038653002784	4	4	1	2	5	2	5	1	2	3	3	2	2	0	2	1	1	2	1	2	
95	21.92832737539341	-102.29894588980862	2	2	0	3	2	4	0	2	1	3	4	5	0	2	5	5	0	3	3	4	
96	21.934225125354523	-102.28777540328345	5	0	1	4	4	1	2	4	4	4	0	5	5	5	0	2	3	0	4	0	
97	21.939264751856882	-102.28993296267738	5	5	3	5	5	5	4	1	4	5	3	5	2	1	1	1	4	1	5	1	
98	21.93471709313919	-102.29820581411781	4	2	1	5	5	1	0	2	5	4	4	4	2	1	4	0	0	1	2	1	
99	21.923877295772087	-102.30585212508133	5	4	4	0	2	2	1	1	1	2	4	5	1	3	5	5	3	3	2	2	
100	21.93385432521079	-102.29579905515327	3	5	1	3	2	0	4	0	0	1	1	0	3	1	5	0	4	1	1	0	
101	21.942971901685226	-102.29533991098614	3	3	0	5	4	0	4	4	3	1	4	5	4	1	1	5	4	2	1	1	
102	21.92975884974651	-102.293857575387	0	4	2	3	0	5	0	3	4	4	5	0	3	2	0	0	0	3	1	1	
103	21.93078319746735	-102.2901544623128	1	1	5	4	4	5	3	2	0	4	1	5	3	3	4	5	5	1	1	3	
104	21.92958066552765	-102.29820550062583	5	0	5	4	0	5	1	5	1	4	5	4	2	1	4	1	2	5	0	4	
105	21.925909660953778	-102.28431661456146	3	4	1	1	1	2	0	0	0	2	3	3	2	0	4	5	1	4	2	2	
106	21.92312700137173	-102.29445039984935	1	1	3	1	1	2	2	2	4	0	0	0	3	5	4	3	3	0	1	0	
107	21.92453775672087	-102.29075409330522	1	4	5	2	0	4	5	3	3	4	1	5	5	2	0	5	0	3	5	0	
108	21.93526744601292	-102.2953291443663	0	4	3	2	1	0	3	3	2	0	5	3	5	3	4	4	0	0	5	0	
109	21.920323083023746	-102.28531779984074	0	1	2	2	0	2	3	0	0	3	5	3	4	0	0	4	2	0	2	5	
110	21.925120258673783	-102.28922806425142	1	0	5	1	0	5	2	0	1	4	1	2	0	0	4	0	0	0	4	1	
111	21.943112364250084	-102.30321776703937	3	0	4	3	5	4	4	2	0	3	5	0	0	3	3	5	2	5	5	0	
112	21.926812432133936	-102.29396496456374	3	3	4	4	1	1	5	3	3	5	4	4	4	0	0	5	0	2	5	2	
113	21.93329867697405	-102.30448946321735	3	4	4	2	4	3	1	1	0	5	2	0	3	5	0	2	4	2	3	3	
114	21.939663001830276	-102.28861753733483	4	0	1	5	5	1	1	5	5	4	3	4	2	5	2	1	5	4	0	2	
115	21.934492263760895	-102.28787977491577	5	3	4	5	3	4	3	4	3	3	3	0	3	3	0	2	2	0	4	1	
116	21.941185795204902	-102.29553760192523	4	5	2	0	3	2	4	4	4	0	2	1	0	3	1	2	3	4	3	0	
117	21.918398266972783	-102.29667087543608	3	0	3	5	1	5	2	0	3	5	2	2	1	0	4	0	0	4	4	1	
118	21.936881120678937	-102.30375160743208	0	2	3	0	1	0	4	5	0	4	1	3	3	0	1	0	4	3	1	3	
119	21.922626881534416	-102.28531682584031	5	4	0	4	1	0	0	3	4	0	0	4	5	5	2	3	1	1	1	2	
120	21.923759169435606	-102.29419534369737	2	4	0	0	5	5	4	3	2	5	0	3	2	1	4	0	2	4	0	2	
121	21.925793108642143	-102.29882162381092	2	5	2	0	1	5	3	5	4	2	0	3	4	3	5	2	5	0	2	4	
122	21.942801584889157	-102.29482972519457	3	5	4	2	0	2	3	2	1	1	1	0	2	2	0	0	3	2	0	5	
123	21.922470098055527	-102.29966747587916	5	3	4	0	4	1	5	2	5	0	5	5	0	3	1	1	5	2	3	0	
124	21.927007076377706	-102.28960332553203	3	4	0	0	0	0	5	1	2	2	5	3	4	0	4	5	4	4	1	1	
125	21.936114035568945	-102.2919756249154	4	5	0	0	5	0	2	5	3	2	2	4	1	5	0	4	0	3	1	5	
126	21.91914912426246	-102.29882889515689	1	0	1	1	2	0	0	3	2	4	3	0	0	3	2	5	2	4	4	0	
127	21.92089681112834	-102.28583268706663	3	4	2	0	4	3	4	1	4	1	1	4	4	4	0	3	1	2	3	4	
128	21.92758793165549	-102.30567284522091	4	3	1	3	3	3	5	0	0	1	4	1	0	5	1	2	4	5	0	0	
129	21.853271769517654	-102.27308965673069	4	1	2	3	0	3	0	3	4	2	2	1	3	4	3	5	1	5	2	1	
130	21.860555055120557	-102.28317530246474	3	1	4	5	3	1	5	5	3	3	0	4	5	0	4	5	3	5	5	3	
131	21.851529096811174	-102.27953287994804	3	0	5	3	3	3	0	2	1	4	2	0	1	3	0	5	5	1	3	5	
132	21.842382548669544	-102.26253968505796	5	0	0	2	5	3	1	1	2	5	0	5	3	1	3	4	3	5	0	5	
133	21.854058986033674	-102.2624564779127	3	1	1	0	0	2	2	3	4	4	5	4	1	2	4	4	5	5	5	1	
134	21.849545914397893	-102.26316835634557	3	1	3	5	5	2	4	0	2	4	1	1	4	3	5	3	0	1	5	2	
135	21.855257960942705	-102.26735152304192	0	1	4	4	4	2	2	5	1	3	3	1	3	1	4	1	3	0	2	0	
136	21.842126973342808	-102.27645849531002	5	3	0	0	3	3	1	4	0	5	1	2	3	2	1	4	3	2	2	5	
137	21.840913590260715	-102.27049381508733	0	2	3	0	3	3	4	1	4	2	3	1	4	5	2	5	4	5	5	3	
138	21.844510399721056	-102.28035936521006	3	0	2	1	0	0	2	3	0	0	2	0	3	1	2	3	4	0	1	4	
139	21.887444717246762	-102.27169979495011	1	0	2	1	4	1	0	3	1	2	4	1	1	0	5	4	3	4	1	1	
140	21.86690920381804	-102.27665420291046	1	2	5	5	2	4	4	1	5	4	4	0	1	0	0	4	5	1	0	4	
141	21.88617800820992	-102.28358067455324	3	1	1	4	1	3	3	2	5	5	0	0	0	3	1	2	1	5	4	5	
142	21.86697117472316	-102.26624807533494	0	2	1	0	0	3	2	2	5	3	4	0	3	0	3	4	5	5	0	5	
143	21.88978614730479	-102.2661849027151	1	4	3	3	2	3	0	2	3	2	2	3	4	0	0	3	2	0	2	0	
144	21.88617124299313	-102.26580172706483	3	1	2	4	1	3	2	1	1	0	2	0	3	1	0	0	0	2	3	0	
145	21.867284009318933	-102.277472964518	5	1	3	0	1	0	0	2	3	5	5	2	3	3	1	2	2	2	4	2	
146	21.88307075526139	-102.28074089562784	5	2	1	4	2	3	1	4	4	3	2	5	4	2	4	5	0	1	3	2	
147	21.868613366744984	-102.27650576134755	3	4	4	1	1	5	1	1	3	2	2	2	1	1	2	5	2	2	3	1	
148	21.89126451410883	-102.2688827268747	4	3	4	0	5	1	5	0	3	0	3	0	5	0	5	0	0	0	3	3	
149	21.878499709911882	-102.28236204478426	0	4	4	3	2	2	0	3	0	5	1	3	5	4	1	0	1	2	4	2	
150	21.886044435671355	-102.2796199198084	2	0	5	4	2	3	4	1	0	1	4	1	0	3	5	4	2	1	1	4	
151	21.88979301455719	-102.27960538157001	2	3	4	3	4	0	4	4	3	4	0	3	0	1	4	2	4	0	3	4	
152	21.87276417051638	-102.28255367794851	4	5	3	4	4	5	1	0	1	2	0	1	0	1	5	4	3	4	4	5	
153	21.871756266838055	-102.26253334278971	3	3	5	2	2	1	2	2	2	0	4	1	5	2	0	0	1	4	4	0	
154	21.86997534038033	-102.2666409131894	3	1	1	3	1	3	3	4	4	0	1	0	4	3	4	5	2	5	2	3	
155	21.871139225402583	-102.2657414140941	2	2	5	5	4	4	5	0	0	1	1	3	4	5	4	1	4	3	4	4	
156	21.87909147643171	-102.2728235750819	3	1	2	0	2	1	3	0	5	3	5	3	0	3	3	4	4	2	3	0	
157	21.880583119780212	-102.27541556401955	5	5	2	4	3	5	1	4	2	2	0	0	0	4	0	2	3	0	4	2	
158	21.87431056672291	-102.26761725884602	2	4	0	3	2	5	3	4	5	1	2	1	2	0	0	4	4	4	1	5	
159	21.88487987661727	-102.27300487511727	1	1	1	5	1	0	0	1	1	5	1	1	0	5	0	0	2	5	4	0	
160	21.888251388884186	-102.27282257333547	5	0	3	3	3	4	4	5	1	4	1	3	1	2	0	3	1	0	3	2	
161	21.87538014332067	-102.27125502439833	4	4	1	2	3	0	3	4	1	1	5	0	5	0	5	3	3	2	0	3	
162	21.88914582134999	-102.2776983278467	0	1	5	1	4	5	0	3	0	5	4	1	0	0	3	1	2	3	1	0	
163	21.876649866467904	-102.28170331589111	5	3	1	5	5	1	5	4	4	0	5	5	5	2	5	4	3	3	4	5	
164	21.88402899713267	-102.27863046640695	0	2	4	3	5	4	4	5	0	3	4	4	1	5	0	2	0	2	2	3	
165	21.87371068366696	-102.27431590965882	3	2	5	0	1	4	1	4	2	4	3	3	2	4	5	0	4	5	0	4	
166	21.870131276335368	-102.27001679177124	5	0	2	2	2	5	2	2	0	4	3	3	1	3	0	3	1	5	3	1	
167	21.872619902105566	-102.2746145026424	4	2	3	3	2	5	0	3	5	3	0	4	5	3	5	1	3	0	5	1	
168	21.878362361100823	-102.2750320993194	3	2	4	1	1	4	4	3	0	1	1	1	1	5	1	5	0	2	2	4	
169	21.878313493906262	-102.26603559885055	2	4	3	4	4	4	2	0	2	3	4	5	4	4	3	3	5	4	5	5	
170	21.87133381104023	-102.2651736405497	2	4	5	2	3	4	4	3	5	5	3	3	5	3	2	5	0	1	4	4	
171	21.89411717231717	-102.27849714588795	5	5	1	4	3	1	4	4	5	5	1	1	1	5	3	3	1	3	5	3	
172	21.898643445322325	-102.27929062990331	2	2	4	1	3	1	4	2	1	3	2	0	3	1	1	5	1	1	2	2	
173	21.902439846500705	-102.2779164481387	1	4	4	2	0	5	5	4	2	5	4	1	2	0	2	4	1	0	5	1	
174	21.9131426881306	-102.27457487008766	3	0	4	4	5	5	1	0	1	4	1	3	2	4	1	0	0	3	5	5	
175	21.899197361969886	-102.27364091518831	4	1	1	2	5	3	3	0	2	2	4	0	3	0	3	5	0	5	3	2	
176	21.914204139417766	-102.26345738128305	2	1	4	2	0	5	2	2	1	4	3	5	0	0	5	0	4	1	3	5	
177	21.895166204412128	-102.27759717349521	0	3	1	4	4	1	4	1	5	1	4	5	3	0	3	4	1	3	1	3	
178	21.895905302994464	-102.26578132632788	5	3	3	1	5	1	2	4	5	3	0	3	3	5	2	1	4	2	3	4	
179	21.904102654310215	-102.27794171243735	1	2	4	4	3	4	4	0	1	0	5	0	3	5	1	2	4	3	2	5	
180	21.89805922472423	-102.27389573042754	4	2	0	1	3	1	2	4	5	5	2	0	3	5	3	0	0	0	0	4	
181	21.89810077324985	-102.27070840625458	0	4	4	2	0	5	5	0	2	0	3	0	4	2	3	3	0	0	3	4	
182	21.900251088506746	-102.26440841090852	4	3	5	1	2	1	5	1	4	3	0	1	2	2	1	3	1	0	2	1	
183	21.900321879912184	-102.26982316011029	2	3	1	0	5	3	3	1	5	3	2	4	2	4	5	3	0	1	2	2	
184	21.900919588970915	-102.27753614247413	1	0	4	0	2	3	5	4	2	3	3	3	0	3	3	4	0	3	5	4	
185	21.900704058496085	-102.26612226789332	0	3	2	4	1	0	5	1	5	5	0	0	0	5	5	1	0	1	2	3	
186	21.910497636741518	-102.28055510476274	5	1	1	1	4	5	0	1	0	5	0	5	0	0	2	1	5	0	4	1	
187	21.912509667383524	-102.28019967519324	4	0	5	3	4	0	4	3	4	3	4	3	0	3	5	1	3	2	1	1	
188	21.912178480112768	-102.2679226332825	4	5	5	2	0	0	3	4	3	3	0	4	4	0	2	3	2	4	1	0	
189	21.91661914157343	-102.26980256392932	1	5	3	5	3	3	5	5	4	3	5	3	1	1	0	5	5	1	0	0	
190	21.90345734713215	-102.28288226090936	4	3	5	4	2	3	1	2	1	0	4	5	1	4	0	2	0	3	4	3	
191	21.92398945683595	-102.27660890020356	5	5	4	2	4	4	5	2	4	1	2	1	1	3	2	5	1	0	0	1	
192	21.925548260775514	-102.28077682276829	0	3	3	5	2	4	5	3	1	3	4	3	5	5	3	3	3	2	5	3	
193	21.93649394665694	-102.27927613291844	3	5	3	3	0	3	4	0	0	3	4	4	0	2	0	0	0	1	3	5	
194	21.941336163139383	-102.27851888054545	4	1	5	2	3	3	5	2	2	2	2	3	5	3	3	1	4	3	2	2	
195	21.937949675407513	-102.27458316949956	3	5	4	5	2	0	5	0	1	1	4	5	5	5	4	5	5	1	1	2	
196	21.926532739080322	-102.27818333801248	3	2	0	1	1	5	2	3	1	2	0	5	3	2	5	4	3	0	4	2	
197	21.930509077390585	-102.28154169349797	0	0	5	1	5	1	2	3	0	4	2	4	3	5	3	1	3	3	3	4	
198	21.926586678156266	-102.26786901163224	5	3	2	5	1	3	1	2	0	2	0	5	3	1	3	5	2	0	1	3	
199	21.922572851575687	-102.27104753316912	2	3	5	0	0	0	4	5	1	1	2	5	1	1	5	1	5	4	1	1	
200	21.937384353867905	-102.28388126920532	3	5	2	5	2	5	2	0	3	1	0	4	2	0	3	0	0	5	5	2	
201	21.917906036282915	-102.28266965775991	0	5	5	3	4	2	2	4	5	4	2	4	3	0	3	4	3	0	0	0	
202	21.925475989160923	-102.27611185483039	2	4	3	3	4	2	3	5	4	2	3	4	2	1	4	0	1	2	5	5	
203	21.924651733029002	-102.27331907409081	3	5	2	2	3	2	1	4	4	5	2	4	5	3	1	5	4	3	3	5	
204	21.938651276967274	-102.2755640602717	2	4	5	0	0	0	3	3	4	2	0	1	0	5	0	0	4	5	5	4	
205	21.93446808529297	-102.27265450640222	0	0	4	3	2	3	1	2	5	3	1	2	3	5	5	1	2	5	2	3	
206	21.931504833813744	-102.27687707851317	1	0	4	4	5	1	5	1	5	4	4	5	3	2	2	3	2	4	0	2	
207	21.919858839837328	-102.26401100852837	2	0	5	0	4	4	2	3	5	3	1	3	4	5	1	3	3	1	3	4	
208	21.927396873498115	-102.27222199278145	1	5	2	4	1	0	5	1	0	1	1	1	5	0	3	1	1	2	3	4	
209	21.918925319105785	-102.27676827997387	3	4	0	3	3	0	3	3	3	1	1	5	1	3	5	2	3	5	5	5	
210	21.92656669588986	-102.26324167128776	5	4	0	4	4	2	0	2	2	5	5	3	0	5	4	1	1	3	1	4	
211	21.92211075097294	-102.27889878496887	4	2	1	1	0	4	1	5	3	2	2	5	3	4	0	0	1	3	3	1	
212	21.938809300345742	-102.28128821930541	1	0	2	0	0	5	4	4	4	4	3	1	5	5	2	1	5	5	0	1	
213	21.92667977434683	-102.27903764762611	5	3	2	1	0	2	3	0	3	3	4	1	0	4	2	0	2	0	1	4	
214	21.937264717086453	-102.27415782044744	4	0	1	4	1	1	2	2	1	0	5	4	5	0	2	2	3	3	5	2	
215	21.935003841189825	-102.26445574681324	2	4	3	3	0	2	4	4	0	1	5	0	3	4	1	3	5	0	0	2	
216	21.940324798449783	-102.28176097627043	4	2	5	5	2	3	4	5	5	3	1	0	4	2	2	0	0	5	3	5	
217	21.930180253275907	-102.27978808678836	4	0	0	2	5	1	4	1	1	0	3	4	3	3	0	4	5	2	3	4	
218	21.93813609581623	-102.26620595763981	3	3	3	4	5	1	2	5	0	0	4	1	1	2	5	1	2	4	0	5	
219	21.91941759997071	-102.27589334494259	5	2	1	1	5	0	5	4	0	0	5	3	3	0	1	2	3	1	2	3	
220	21.943127021342846	-102.26426462926754	2	4	3	3	0	1	1	5	2	3	2	2	1	3	3	3	0	2	1	3	
221	21.93925880189875	-102.26328584521542	2	2	0	0	2	0	4	3	0	4	0	1	3	2	1	4	1	3	0	1	
222	21.93849216460542	-102.27132127752385	0	4	3	1	0	2	4	2	1	0	5	3	1	4	5	1	3	4	2	4	
223	21.919189172009105	-102.27333010729299	3	4	4	2	4	4	5	3	5	5	3	4	5	0	2	4	1	2	3	5	
224	21.94207573282033	-102.27674580860842	2	0	5	5	5	4	2	0	0	1	0	0	2	1	1	3	1	5	5	4	
225	21.93546246123471	-102.27952279604165	4	2	3	0	2	5	3	3	0	2	0	3	4	2	2	3	3	3	5	4	
226	21.92612872153023	-102.273809955525	5	5	2	5	2	3	1	4	1	0	1	4	0	5	1	5	2	1	3	2	
227	21.932683916237064	-102.26527621303107	3	5	4	1	4	1	4	4	3	4	4	3	2	4	0	3	2	0	3	1	
228	21.917712511418866	-102.26382323932557	3	1	0	1	5	4	2	4	1	1	3	1	1	0	3	2	0	1	1	1	
229	21.920241048056212	-102.2705004990302	0	3	3	5	5	4	1	3	4	2	2	0	4	1	3	2	2	3	4	5	
230	21.924901747517886	-102.26357992614282	2	5	5	0	3	5	3	0	4	5	4	3	5	1	5	0	1	5	4	4	
231	21.940783340575667	-102.26656526477262	5	1	2	0	2	5	5	5	2	3	1	1	0	0	1	3	5	2	5	2	
232	21.922170594337977	-102.27809659801598	3	5	2	2	3	2	0	4	5	3	5	1	0	5	1	2	2	2	1	0	
233	21.92601103396685	-102.28298723475301	4	2	4	2	2	5	2	0	0	2	1	0	3	3	0	1	5	5	1	1	
234	21.925807746396174	-102.2769543739341	3	3	5	3	2	0	4	0	3	1	4	2	3	5	3	2	3	3	3	4	
235	21.93570867133147	-102.26295101466573	5	4	1	0	5	0	4	1	3	2	5	0	2	1	5	1	1	3	4	5	
236	21.934313820845723	-102.27033426905508	2	2	1	4	1	3	1	3	1	4	2	3	3	4	1	3	3	2	3	2	
237	21.927424451775508	-102.26386637952112	4	3	3	5	1	5	2	3	4	1	0	5	1	2	4	2	4	5	5	2	
238	21.919176871904995	-102.2822656870234	4	3	2	3	1	3	5	0	5	4	2	2	0	3	1	1	4	4	1	5	
239	21.922500545386608	-102.27653109185701	4	1	3	1	5	2	2	2	4	1	1	5	1	3	3	4	4	3	2	0	
240	21.9233835241366	-102.26739924983967	2	2	4	2	0	3	4	5	4	0	1	5	4	3	4	0	5	1	2	0	
241	21.923461478919474	-102.2774582923871	3	2	4	4	2	3	1	4	4	0	1	1	5	5	5	3	2	4	3	1	
242	21.940925983788674	-102.27990339294062	1	2	5	0	3	3	4	5	2	0	1	0	4	4	3	1	2	5	3	5	
243	21.921043661883193	-102.28015300165548	1	5	0	1	2	5	2	3	1	1	3	4	4	3	4	5	5	0	0	2	
244	21.925173771482672	-102.26728277495123	5	5	4	5	2	5	5	5	5	0	3	5	3	4	4	2	4	5	0	3	
245	21.92294161918871	-102.2711561560073	5	5	5	5	1	3	0	1	3	0	4	0	1	0	2	2	4	2	2	4	
246	21.933085471651225	-102.26644601370207	2	2	3	0	0	4	4	2	5	3	0	3	1	0	5	2	0	1	2	3	
247	21.9254386679888	-102.26985370924892	2	3	2	0	4	4	4	4	3	2	2	2	0	2	4	2	4	4	0	4	
248	21.922879341524574	-102.27108499286153	2	2	0	4	0	0	5	5	0	1	1	5	3	4	0	1	1	2	5	3	
249	21.92599763161386	-102.27934554023531	2	4	2	0	3	5	2	5	0	4	5	4	2	5	4	5	1	4	0	4	
250	21.938554501371225	-102.28380484025246	0	0	2	4	0	3	5	1	5	1	1	3	5	5	1	4	3	1	5	0	
251	21.93756019669903	-102.28287029601634	4	5	4	0	2	3	0	3	3	3	2	1	3	4	5	0	0	1	3	0	
252	21.941561528916306	-102.26237862534248	0	0	0	1	3	4	3	3	5	3	2	3	1	0	4	5	0	1	0	3	
253	21.937493945944713	-102.28054599891733	1	0	2	4	2	2	0	2	0	1	4	3	5	0	1	2	1	3	4	5	
254	21.918064277068417	-102.27704214934504	4	4	0	5	5	3	0	0	1	1	4	5	1	3	3	5	5	4	3	3	
255	21.935287292971637	-102.28292904125433	0	3	3	4	2	3	5	0	3	2	2	2	3	3	1	0	0	4	3	4	
256	21.928419328788635	-102.26761237822946	5	3	0	5	1	2	0	0	1	0	4	3	2	1	2	4	4	5	4	0	
257	21.939047791932456	-102.27909055334018	4	0	5	5	2	1	0	5	4	0	3	0	5	3	1	4	2	5	2	4	
258	21.941481415339766	-102.27642306583726	5	2	3	1	5	4	3	1	4	5	4	4	4	1	1	0	1	1	5	3	
259	21.940155869293957	-102.26596384535593	1	5	1	2	3	2	3	0	0	1	5	4	2	0	4	2	1	3	2	2	
260	21.937244979523992	-102.27975564539562	5	3	3	2	0	0	2	0	1	2	0	4	3	3	4	5	0	5	5	3	
261	21.94276009058634	-102.26632526426734	1	2	4	5	5	1	0	2	3	5	0	2	0	3	0	5	4	3	4	5	
262	21.92822063318309	-102.2620016016651	5	4	3	2	0	1	5	5	0	0	0	5	0	2	4	5	5	1	5	0	
263	21.92337638688494	-102.27943725680507	2	0	3	0	1	4	0	5	2	5	4	3	5	3	4	1	0	1	0	2	
264	21.932309700300753	-102.26588072957033	4	4	0	4	2	5	3	3	0	1	0	5	4	5	4	3	2	0	2	4	
265	21.938499659879174	-102.26267335269209	5	4	3	0	1	2	5	3	2	5	5	2	0	5	2	4	2	4	5	0	
266	21.940618815078853	-102.28166313809086	0	4	2	2	3	4	0	1	5	3	3	0	2	4	3	0	3	2	2	4	
267	21.943245601671904	-102.27966529223205	0	0	2	0	4	1	1	3	2	0	0	4	0	0	1	1	5	4	3	4	
268	21.939684160253577	-102.27706514407396	1	3	3	0	5	1	3	2	4	1	0	0	4	2	0	0	4	5	4	1	
269	21.93570890462685	-102.26370511579351	5	4	0	5	5	4	5	1	1	5	4	5	0	3	2	3	2	1	4	2	
270	21.920686099820074	-102.26838200805138	2	2	1	5	3	1	2	2	2	2	2	0	5	0	3	1	3	2	1	1	
271	21.855224776555616	-102.24076137251342	1	0	3	4	1	3	0	5	5	3	3	3	3	0	3	1	2	1	0	0	
272	21.846199813776682	-102.2420439105278	2	3	0	3	0	3	3	1	5	1	0	0	4	4	5	0	1	1	5	2	
273	21.850912299333537	-102.26026926631047	1	4	2	3	4	4	2	3	1	5	5	1	3	3	4	1	5	3	3	2	
274	21.8581291952728	-102.2531187443547	4	2	2	5	1	1	3	3	2	5	1	2	3	3	4	1	3	3	4	4	
275	21.84869614454091	-102.23930547822559	1	4	2	2	1	5	0	0	5	1	0	2	2	4	4	0	2	0	0	0	
276	21.84030946631297	-102.25066658870038	5	1	5	3	4	2	2	1	2	1	0	2	2	5	5	4	2	3	4	0	
277	21.85586809565628	-102.24861027664268	3	4	0	3	1	1	2	1	3	5	2	4	3	2	3	1	3	1	5	1	
278	21.843950435104528	-102.25148088730695	4	5	5	3	1	2	2	2	1	0	3	0	0	0	3	4	0	5	5	3	
279	21.856985637780873	-102.2522358174322	2	4	2	1	4	3	0	3	0	2	1	1	2	2	5	1	2	1	2	0	
280	21.86288511594679	-102.25232047417002	5	3	3	4	2	1	3	3	3	0	2	5	0	5	3	5	3	0	1	3	
281	21.848692026939514	-102.24960453013207	5	1	4	3	2	1	3	4	5	3	1	4	5	1	0	2	3	2	1	2	
282	21.84040386927379	-102.25375726503864	2	3	3	1	4	4	1	4	1	5	2	4	2	4	3	0	5	3	1	3	
283	21.84068805950728	-102.25497547017473	4	4	3	5	2	5	2	5	0	4	2	2	1	4	3	0	4	4	0	4	
284	21.857879757496512	-102.24091425685141	4	3	2	2	5	0	3	5	4	2	2	2	1	4	0	3	5	5	0	0	
285	21.8417439561799	-102.24431045900974	4	5	1	1	4	0	1	3	4	3	5	3	0	4	5	2	5	0	5	1	
286	21.843363773282626	-102.2466666026958	2	5	1	3	2	0	4	1	2	2	1	3	5	4	4	4	2	3	2	3	
287	21.86172827017433	-102.25887078660344	1	2	3	2	4	1	3	0	4	2	0	1	3	5	3	5	1	3	4	2	
288	21.848272862659076	-102.25195840104554	3	3	0	3	4	1	0	0	5	4	5	0	3	1	5	1	2	1	2	0	
289	21.862378970073483	-102.25189143952188	2	3	5	5	0	1	5	1	2	2	1	0	0	1	4	3	3	1	2	0	
290	21.85291665126164	-102.25264181294158	2	0	4	1	5	3	0	5	1	0	5	5	3	4	2	2	4	2	4	3	
291	21.87087448643829	-102.23962573280387	5	0	1	0	2	5	3	4	5	3	1	4	4	5	2	3	1	4	0	4	
292	21.88364833330064	-102.24599125775747	2	3	1	1	0	5	4	0	4	5	0	2	4	4	2	3	1	5	2	0	
293	21.86616148845204	-102.25344624177079	2	5	4	1	1	5	3	4	4	5	1	0	2	3	3	4	1	5	5	1	
294	21.867821563651543	-102.24166182728779	5	2	5	4	5	4	3	4	4	2	3	0	1	4	0	4	1	1	1	3	
295	21.876369188787184	-102.25093734721159	1	5	3	5	3	4	0	3	2	3	0	1	5	0	4	0	5	1	5	5	
296	21.885109330723726	-102.25382542536248	3	1	1	0	5	3	1	1	4	2	4	3	4	4	5	5	1	2	2	0	
297	21.874851431947384	-102.25335359063132	2	3	2	1	1	3	3	5	5	4	2	1	1	3	3	3	5	5	4	4	
298	21.885865828139224	-102.24950755435715	0	1	0	1	1	0	3	1	0	0	4	2	1	5	2	0	1	3	5	2	
299	21.88148655679181	-102.25629424539906	2	4	2	3	2	0	0	5	2	4	0	0	2	5	5	2	2	4	1	3	
300	21.883632032801298	-102.24461427018818	2	2	3	3	4	4	3	5	2	1	3	4	0	5	3	5	4	1	2	3	
301	21.885662896945274	-102.25031113880466	4	0	3	1	3	3	1	5	2	0	2	1	4	4	3	2	5	5	2	1	
302	21.86610077403309	-102.2394842511048	5	1	2	0	4	1	1	1	1	0	3	1	4	3	1	0	1	2	4	5	
303	21.88993607695107	-102.25580628934175	2	2	1	2	5	0	5	0	0	1	2	0	3	2	0	5	3	3	4	1	
304	21.8717793145253	-102.2613061944432	2	1	5	5	5	0	3	2	1	0	5	3	2	5	2	5	3	3	1	0	
305	21.875755973978205	-102.25594688292591	4	0	0	4	0	3	4	2	1	0	3	2	5	5	2	4	4	1	5	0	
306	21.877436734099135	-102.23941412029104	0	0	1	0	3	2	0	3	0	3	3	3	1	3	0	2	4	5	3	5	
307	21.87133494086835	-102.2457243667669	5	4	4	3	4	3	2	1	5	1	5	1	3	1	1	1	2	3	2	5	
308	21.885317735159273	-102.24419261338336	5	1	5	3	1	4	1	1	0	5	1	1	1	4	1	3	4	5	0	4	
309	21.897435477542285	-102.24012662939509	2	5	0	4	2	2	5	2	0	0	0	5	2	2	5	2	3	4	0	2	
310	21.89279301049999	-102.25876236061164	2	1	1	3	5	5	5	4	4	2	5	0	2	2	1	4	1	3	2	1	
311	21.895714633540578	-102.2515168226905	3	1	4	0	0	3	3	3	5	1	5	0	3	0	1	4	3	5	5	0	
312	21.892150299995006	-102.2433747720403	0	5	1	0	2	4	3	0	1	2	5	5	2	2	4	4	3	0	5	0	
313	21.896155549673182	-102.24477951612658	1	0	3	0	4	3	0	1	0	1	4	2	1	4	3	5	5	2	0	0	
314	21.894919327501224	-102.249508446553	0	2	0	0	4	1	0	1	3	2	3	0	4	0	0	1	5	5	3	1	
315	21.90066447730443	-102.24216463364337	5	4	2	3	1	1	0	1	2	4	2	2	5	3	0	2	2	1	3	5	
316	21.906245428124574	-102.25208636181442	5	4	3	0	0	4	3	4	3	1	4	1	2	0	3	0	2	5	5	1	
317	21.912381539257677	-102.25291562926125	5	1	3	5	5	0	2	5	0	4	2	2	4	4	0	1	3	3	0	5	
318	21.897660913466286	-102.25336451334472	5	4	4	4	3	3	3	5	1	5	5	3	1	3	5	5	3	0	4	3	
319	21.900856699899936	-102.2564054797846	5	3	2	0	5	5	5	2	5	3	3	0	0	3	0	5	0	1	0	4	
320	21.910560205586375	-102.24271812624998	0	3	2	3	4	3	5	1	1	5	5	3	5	3	4	2	3	3	5	0	
321	21.897909657851354	-102.24020382581418	3	2	4	1	1	2	0	5	1	4	3	3	4	4	2	3	1	0	5	0	
322	21.914982125308967	-102.25727685641291	1	3	2	3	5	4	2	5	4	1	4	4	4	2	5	3	5	5	4	0	
323	21.910851589561588	-102.24678058347725	2	0	0	4	1	4	4	2	1	3	4	1	1	1	3	4	2	0	0	4	
324	21.899705118177703	-102.24454097692566	5	3	3	1	1	3	5	1	0	5	1	3	5	2	3	3	2	4	3	1	
325	21.893790873544877	-102.24566462766242	3	1	4	5	3	4	0	2	2	5	5	0	1	1	0	4	4	1	4	1	
326	21.900059506603064	-102.24554333650687	0	5	3	3	5	3	1	2	2	0	5	5	4	4	0	2	5	2	2	2	
327	21.898667416611797	-102.25631766276794	4	3	1	0	1	5	0	4	1	1	5	1	4	0	1	2	1	3	1	0	
328	21.9146826170344	-102.25668628993425	4	3	3	0	4	3	1	1	5	0	3	2	0	2	5	2	2	4	2	5	
329	21.89215326775199	-102.25427752073551	5	0	1	1	0	5	3	3	3	3	5	1	1	4	1	4	4	4	5	4	
330	21.895452964173366	-102.24071302192463	4	5	5	1	3	2	3	1	3	1	5	5	3	2	3	0	0	3	4	0	
331	21.904272515224704	-102.24372456045998	5	5	4	3	5	1	1	2	2	0	5	2	2	2	5	3	5	2	2	0	
332	21.89195469942911	-102.24781699218872	3	0	5	1	3	4	4	4	4	1	3	0	4	5	5	5	1	3	4	1	
333	21.907258409963003	-102.25029033310031	4	0	5	3	4	1	3	3	2	5	3	1	1	0	5	4	4	4	4	5	
334	21.915205557741817	-102.24434713057173	4	4	5	3	5	1	0	3	2	4	3	4	3	2	0	5	4	3	0	0	
335	21.912166399002047	-102.25492422550566	2	5	0	5	0	5	4	5	1	4	4	4	0	3	3	5	2	3	0	0	
336	21.902181911824677	-102.25953609795778	4	3	4	2	5	2	0	5	5	4	5	0	2	4	4	0	4	2	3	1	
337	21.913307368876982	-102.25487458420717	2	2	2	4	5	3	2	4	2	0	0	5	4	4	1	0	0	5	1	3	
338	21.909584306231057	-102.2431782775887	4	0	3	2	5	0	4	3	5	1	0	0	5	3	2	5	3	3	3	5	
339	21.902075445917436	-102.24111093153292	5	0	1	3	3	2	3	0	5	0	3	1	4	4	5	3	3	4	0	3	
340	21.891905673052356	-102.24901147307791	4	0	1	5	4	4	5	5	1	1	4	5	2	0	3	5	0	5	0	1	
341	21.923975075152043	-102.24111513713173	1	2	3	5	3	1	5	4	5	1	4	0	1	1	3	0	4	4	3	2	
342	21.93416579094784	-102.24207262085059	4	1	0	1	4	0	1	1	2	5	0	2	3	1	1	2	1	5	5	0	
343	21.938111160389923	-102.26038230231308	4	4	5	4	1	5	2	0	0	0	3	0	1	0	5	3	4	4	3	3	
344	21.93444780653541	-102.24258536114543	1	0	1	3	4	1	2	2	1	4	4	3	2	2	0	3	1	5	2	0	
345	21.920777747025657	-102.24906066877983	4	1	5	3	3	3	0	3	1	1	1	2	0	3	1	0	5	4	0	1	
346	21.924490175387433	-102.24373573689	4	5	3	4	0	2	0	0	4	5	4	2	1	0	5	3	5	2	4	1	
347	21.91780422478486	-102.2411778306248	3	1	0	1	3	3	0	4	4	4	2	1	1	4	4	1	5	4	0	3	
348	21.939010996673773	-102.2451475492589	4	2	5	5	5	0	4	4	4	4	1	0	2	0	2	4	1	0	5	2	
349	21.937149222478215	-102.25559728914276	1	2	2	0	4	3	4	4	0	1	1	1	0	4	1	2	4	5	2	1	
350	21.917974291209664	-102.24072081047794	5	0	2	3	1	5	2	5	4	5	4	5	2	4	1	1	3	4	0	0	
351	21.92020702378505	-102.25523369294	2	2	5	5	3	0	3	1	3	3	0	3	3	5	1	4	1	4	3	5	
352	21.93861970152733	-102.24886922424642	3	4	3	2	1	2	3	4	1	1	3	0	0	1	3	5	4	2	5	3	
353	21.92659013442447	-102.24634172147996	1	4	5	3	2	4	0	2	1	5	3	1	3	2	2	4	4	5	0	3	
354	21.939338891808035	-102.26027888072244	2	2	3	4	2	5	2	1	2	3	2	4	3	0	3	2	2	2	5	4	
355	21.93513994307687	-102.25258447396142	0	0	1	1	5	0	0	4	4	5	2	4	4	4	0	1	1	4	0	4	
356	21.92247321541466	-102.24131383761474	1	5	0	2	1	4	2	4	1	2	2	2	5	0	0	4	3	5	2	2	
357	21.927152379539486	-102.2465248759089	4	1	1	3	5	0	4	2	2	0	5	5	3	5	4	3	2	5	4	0	
358	21.93609151538137	-102.25915322343087	1	4	3	3	5	5	5	3	0	2	2	2	1	5	3	1	3	5	5	1	
359	21.926914794582903	-102.2594570653362	0	5	1	2	4	0	5	2	3	0	1	5	2	0	2	0	5	2	4	2	
360	21.936859465085103	-102.25986202021059	0	4	5	3	3	3	2	3	1	4	3	4	2	2	2	4	2	3	5	2	
361	21.93642406022092	-102.25965665741249	5	4	0	3	0	5	5	0	0	1	1	4	4	3	3	0	5	1	1	0	
362	21.91897587539023	-102.26077430923235	2	5	0	0	0	4	5	4	3	4	1	0	1	3	5	4	5	5	2	0	
363	21.92703573447839	-102.25130045553705	4	2	1	3	3	1	0	4	5	1	5	3	5	0	1	0	3	1	0	1	
364	21.940329239447767	-102.26153530770266	3	5	1	5	4	0	0	5	4	4	3	0	1	0	3	1	3	3	4	4	
365	21.925531434543746	-102.25048273872407	0	5	0	2	1	5	3	4	4	2	4	5	0	1	1	4	0	4	3	4	
366	21.9343743941267	-102.25644776366865	2	1	1	5	1	0	2	5	0	2	2	2	4	4	0	2	0	1	0	3	
367	21.918681931261304	-102.24922906864785	3	1	3	2	2	2	5	3	1	3	5	5	2	0	1	5	5	5	1	2	
368	21.94314198882642	-102.25482954145478	2	0	2	2	1	0	1	4	0	5	4	5	4	4	4	2	1	3	1	4	
369	21.92548487118213	-102.25069639506378	4	0	1	2	5	4	4	3	4	5	4	2	4	4	1	2	2	4	5	0	
370	21.920295116075238	-102.25097587999753	2	3	2	1	0	1	1	2	1	1	5	2	5	4	2	4	0	0	2	4	
371	21.940753110575624	-102.24535980576842	3	3	1	3	1	5	4	0	3	5	4	5	2	4	1	5	0	1	5	0	
372	21.940443569503163	-102.25434967172119	4	2	0	0	1	5	1	4	0	3	0	5	5	5	4	5	5	1	0	2	
373	21.917669375297304	-102.24056435462484	0	3	0	3	3	2	0	1	4	2	0	1	2	5	5	1	5	1	1	3	
374	21.922840283324746	-102.24416596779038	2	2	3	2	4	1	5	5	1	3	2	2	0	2	2	3	1	1	4	4	
375	21.919054126105998	-102.24641596828961	3	4	3	5	1	2	3	0	3	4	5	5	1	1	5	4	2	3	4	4	
376	21.924027163357017	-102.25934063210525	3	2	0	5	1	5	3	4	4	4	3	0	5	3	0	4	3	0	5	0	
377	21.94185640731598	-102.26098534282457	1	1	1	5	0	5	1	2	5	4	4	1	2	0	0	3	1	0	1	0	
378	21.941221217238194	-102.24464469931718	3	5	4	4	4	0	0	5	2	1	3	0	5	5	2	3	3	2	0	3	
379	21.934605124819882	-102.25871683180186	4	2	2	0	3	2	2	2	5	5	5	5	4	0	4	1	1	5	0	0	
380	21.93671843062422	-102.24308015386684	4	2	3	3	0	3	3	2	5	5	3	1	4	0	0	4	2	4	5	1	
381	21.923509792777608	-102.25638356458755	2	4	3	2	3	1	4	4	5	5	5	4	2	0	2	1	2	1	2	3	
382	21.931508748981656	-102.24406127419986	2	4	3	2	5	4	4	4	0	5	1	4	1	4	5	0	1	3	1	4	
383	21.93695618990605	-102.2598843715775	3	3	1	4	1	2	1	4	4	1	4	0	3	4	5	3	3	2	3	2	
384	21.940820180300225	-102.24269500017394	4	3	0	5	3	2	3	4	5	5	0	5	4	5	2	3	5	4	3	3	
385	21.920297855628657	-102.24486208085065	4	2	1	3	3	4	1	0	3	5	4	4	2	3	4	0	1	3	1	4	
386	21.942804854175158	-102.25555122987682	0	4	3	0	3	2	5	2	0	1	0	3	0	1	3	4	0	4	5	0	
387	21.919663457994808	-102.25636824610615	3	3	4	1	0	1	3	1	3	4	2	5	5	3	1	0	5	3	5	0	
388	21.924817810285333	-102.25650912255719	0	3	4	3	5	4	2	5	0	0	3	1	2	2	5	2	0	1	3	1	
389	21.92269214222081	-102.24250977764571	2	3	5	3	4	0	3	2	1	2	2	0	3	5	4	2	4	4	2	2	
390	21.932324107133294	-102.258184181489	1	4	0	3	3	3	4	4	0	4	0	4	2	4	4	3	0	0	1	3	
391	21.93115869873009	-102.26031387992798	3	4	5	2	5	0	1	1	2	2	5	1	0	5	3	1	0	0	0	4	
392	21.920767122519983	-102.2597150289199	3	5	0	2	2	5	2	1	0	4	3	4	2	1	1	5	4	1	3	2	
393	21.92810842777007	-102.25664438881527	3	2	2	3	5	1	3	5	3	5	3	0	1	0	5	4	4	1	5	0	
394	21.923237839380395	-102.25113584892283	2	0	1	5	5	2	0	2	3	0	0	0	4	4	3	2	5	0	0	5	
395	21.92141729854343	-102.24981150610184	4	1	4	3	0	4	3	1	4	2	4	1	5	1	3	0	3	4	1	5	
396	21.932824020756808	-102.25208244572015	4	0	4	1	2	4	4	0	0	1	3	4	0	5	0	1	2	1	3	4	
397	21.939184863916413	-102.25661597282573	2	0	5	0	2	0	4	2	4	4	3	2	4	5	1	2	5	5	5	1	
398	21.92930101634964	-102.24480637594445	4	3	4	2	5	0	0	3	1	4	5	1	5	5	4	5	4	4	4	1	
399	21.937592646931222	-102.25612957980819	2	2	5	0	5	5	0	2	3	1	3	3	3	5	3	5	3	2	5	3	
400	21.92835239597	-102.24941030842346	5	5	1	1	4	5	2	4	0	3	0	5	2	2	1	0	2	5	2	0	
