ID 	 X_COORD		 Y_COORD		 F1	F2	F3	F4	F5	F6	F7	F8	F9	F10	F11	F12	F13	F14	F15	
1	21.84572329137268	-102.31392522547276	5	4	4	0	1	5	2	3	4	0	2	0	0	1	1	
2	21.85360571604337	-102.32545584407285	3	5	5	3	3	5	4	4	3	0	3	1	5	1	0	
3	21.874245095084873	-102.32082145213724	2	2	1	4	2	5	0	5	5	5	1	0	0	2	2	
4	21.870293418256384	-102.32262270039631	0	4	1	1	5	0	2	3	2	2	4	2	2	1	2	
5	21.86636178527667	-102.31176509759572	5	5	2	1	3	4	2	5	3	0	4	0	3	4	1	
6	21.870516829163325	-102.30772156846949	4	4	3	2	1	3	5	3	1	1	2	5	2	5	1	
7	21.902723552179452	-102.31102659354117	0	3	3	5	0	4	4	3	4	0	4	3	5	3	2	
8	21.910439718576747	-102.32068001953502	0	2	5	1	2	2	3	1	1	0	3	0	5	5	1	
9	21.938355475774028	-102.32545492058165	1	3	1	3	5	0	1	4	2	4	2	1	2	5	4	
10	21.92956761948424	-102.31423462865109	3	5	5	2	0	4	5	3	0	5	4	5	5	5	5	
11	21.92244620632203	-102.3158608192131	1	4	0	0	0	0	1	0	3	3	1	3	1	4	0	
12	21.93229236194881	-102.32688633265597	4	0	3	1	5	0	5	5	4	1	4	4	3	2	3	
13	21.933371050044794	-102.31695953221909	4	5	3	2	2	5	5	3	2	5	5	4	1	2	1	
14	21.930400307852192	-102.31032626710943	1	3	1	3	1	1	4	5	4	5	5	3	1	1	0	
15	21.918573479682898	-102.32652340303412	3	3	4	5	4	5	0	3	2	0	5	5	2	5	3	
16	21.931877060334635	-102.31879494791698	3	0	3	5	1	1	5	4	0	1	3	1	0	2	4	
17	21.924752485805747	-102.30695574069348	1	3	4	2	4	2	1	4	0	4	2	0	4	1	3	
18	21.92915980273299	-102.3221214303826	0	2	0	2	2	3	5	4	2	5	1	3	2	0	2	
19	21.928489301313174	-102.31895715649844	4	3	5	2	0	2	4	2	1	1	3	3	0	1	5	
20	21.934064285867855	-102.3088784391031	1	0	2	4	5	0	5	2	1	0	3	5	3	3	4	
21	21.850934526667444	-102.29377119322905	3	1	4	1	5	0	0	3	0	3	5	4	3	4	2	
22	21.851207969717233	-102.29443896012752	1	2	3	1	0	0	0	4	1	2	5	2	5	5	2	
23	21.840869055098253	-102.30331579408087	2	4	1	2	0	1	5	0	5	3	3	0	4	3	3	
24	21.840819141867534	-102.2872495361472	4	0	2	3	2	0	1	1	3	1	4	3	4	0	1	
25	21.858194391532724	-102.29346176483234	3	0	1	0	2	4	3	1	4	2	4	3	0	1	4	
26	21.859982598610312	-102.29251577273222	2	5	0	2	2	0	2	0	1	2	3	4	3	2	5	
27	21.86309693178507	-102.28679698048182	1	5	1	3	1	1	2	1	1	4	2	5	4	4	4	
28	21.855901392874266	-102.29936707613238	3	1	4	2	4	1	1	2	2	5	2	2	5	4	5	
29	21.84668019412192	-102.29467690185372	4	5	3	2	4	3	0	3	4	1	0	1	1	4	4	
30	21.850607738278608	-102.28633312593514	1	4	2	0	1	1	0	3	4	3	2	4	0	0	0	
31	21.854236962473482	-102.29730817212052	2	0	1	0	1	5	4	4	4	3	3	2	5	0	2	
32	21.85291141161742	-102.30572857900452	3	1	2	0	4	1	0	5	0	0	4	2	0	5	1	
33	21.88921390810025	-102.28954744601121	3	4	3	4	2	5	0	2	3	2	4	1	1	4	2	
34	21.874994710567538	-102.29328917277157	4	2	0	3	1	1	3	4	4	0	5	4	1	0	5	
35	21.869280999274785	-102.28661835579037	4	5	5	5	2	1	4	4	5	3	2	2	4	4	0	
36	21.873476047295256	-102.29802682516937	1	1	2	3	4	1	0	4	3	5	1	1	2	2	0	
37	21.87370953195409	-102.29955486031425	4	4	5	5	3	2	3	5	3	5	3	2	4	1	0	
38	21.866972619063347	-102.29251838166665	4	0	0	5	2	2	5	3	0	0	2	0	1	0	4	
39	21.88479419665772	-102.30193244046691	5	4	2	4	4	3	4	5	1	1	2	5	1	0	2	
40	21.885636465184223	-102.30023715630927	3	1	4	4	2	3	3	5	5	1	2	1	4	5	3	
41	21.879739196316546	-102.29817429612983	0	0	4	1	5	3	3	0	0	4	0	2	1	1	3	
42	21.868952165657653	-102.2903410405593	3	3	3	0	1	1	5	2	1	2	3	2	0	2	5	
43	21.871315632146352	-102.30015205687815	0	1	3	3	5	4	1	1	5	3	0	0	5	2	5	
44	21.89010814623218	-102.29243095342082	1	4	3	4	0	3	1	2	3	1	2	5	1	3	1	
45	21.878347619466734	-102.29678623315391	0	5	2	2	0	3	3	5	4	4	0	0	1	0	5	
46	21.887096649410157	-102.29689139849111	5	5	4	3	4	5	2	5	1	5	4	5	2	5	5	
47	21.888437699962093	-102.2863649443103	0	1	0	5	2	4	5	3	1	2	1	5	4	3	5	
48	21.88265560771804	-102.28431741508325	4	3	4	1	3	1	2	3	0	5	1	3	4	4	3	
49	21.889982083500758	-102.3052126784354	0	1	0	0	1	1	4	4	1	0	2	0	0	1	2	
50	21.885773273914037	-102.3058143021287	3	1	5	4	5	0	2	0	1	4	1	0	0	2	2	
51	21.869773109332957	-102.29610932677063	1	3	4	3	3	2	2	2	5	4	0	2	1	3	3	
52	21.87492737686996	-102.30559199130509	2	0	2	0	3	0	2	3	2	0	0	4	4	3	3	
53	21.866266794733843	-102.29673377910977	4	5	0	4	4	4	4	4	4	1	0	5	1	2	4	
54	21.875250969233313	-102.29916374982164	4	0	3	4	5	4	1	3	0	1	3	3	5	0	2	
55	21.886480224354344	-102.30000473185203	2	1	2	2	2	3	2	1	5	3	3	3	4	0	5	
56	21.88375689660792	-102.28421911285852	0	2	3	3	3	2	4	2	4	2	5	0	2	4	0	
57	21.911605343041863	-102.29455015445487	4	0	1	1	3	2	2	1	5	2	2	3	3	3	0	
58	21.9129227648258	-102.29601798178437	2	0	1	3	4	3	5	2	2	3	3	2	4	3	4	
59	21.915759206642903	-102.30543515799614	5	5	2	1	5	4	0	5	2	1	2	0	1	5	0	
60	21.91509507175802	-102.29980946488263	4	0	4	4	1	4	0	0	4	3	0	2	5	1	0	
61	21.916072878123284	-102.28559359425635	2	0	2	1	2	0	5	5	1	5	3	2	0	0	1	
62	21.90909425989882	-102.28574314626148	3	1	0	5	2	3	5	1	0	0	2	1	2	3	3	
63	21.899409735507597	-102.29341878111754	3	4	0	3	3	2	5	0	4	4	3	4	1	0	3	
64	21.902246310937116	-102.291585618527	3	5	3	1	4	0	2	4	4	5	3	0	3	5	4	
65	21.904563412067702	-102.30347596389964	0	0	3	3	3	5	2	1	0	5	1	2	2	0	1	
66	21.89531144854227	-102.28878164784969	4	5	0	1	1	1	3	4	2	3	1	1	4	1	4	
67	21.917198540017875	-102.2996459195358	4	1	3	0	1	1	2	0	3	0	3	0	5	1	0	
68	21.907278380922385	-102.29034481937947	1	1	0	4	1	0	1	2	3	2	3	1	0	2	3	
69	21.908398824637857	-102.28680253834769	3	4	3	0	4	1	5	4	2	5	3	5	0	0	5	
70	21.894895372193393	-102.29967503179977	0	2	3	1	1	1	0	5	3	3	5	1	1	4	2	
71	21.91480607008197	-102.30244192421323	2	2	2	2	1	0	5	0	1	1	5	1	0	4	3	
72	21.892504520950748	-102.29574454247954	2	4	5	5	0	1	1	0	4	2	4	3	2	0	2	
73	21.910877354461014	-102.30422722777413	3	2	4	0	3	2	1	5	1	0	1	0	2	5	1	
74	21.892757253611126	-102.30519902489387	0	0	0	1	0	2	4	4	3	4	2	3	3	5	5	
75	21.903369080699573	-102.29753563012545	2	3	3	5	1	5	4	4	0	1	3	4	1	5	4	
76	21.91177996460697	-102.28460011359456	0	0	1	3	2	5	5	5	2	4	1	4	1	4	1	
77	21.90568802359698	-102.2918876894463	2	0	2	5	1	4	3	0	4	5	5	2	0	4	3	
78	21.917302140732197	-102.29998376426755	0	2	0	3	4	3	4	3	3	3	1	1	4	5	2	
79	21.897089944007597	-102.28679681184168	5	3	3	2	2	1	3	5	0	3	5	3	4	3	5	
80	21.900347381327173	-102.29457038711637	2	4	1	0	5	2	0	1	0	3	0	2	3	0	4	
81	21.90253674391594	-102.30396042256412	3	0	5	2	2	4	4	4	0	4	5	4	2	5	2	
82	21.905412115516274	-102.28800259520304	1	5	1	1	0	4	3	2	4	5	2	2	4	4	0	
83	21.899168316411203	-102.30423475132685	1	5	0	0	4	1	3	3	2	3	0	4	2	2	1	
84	21.894218801894354	-102.29682715662128	2	5	0	5	1	2	5	5	0	2	5	3	0	1	0	
85	21.916250799423285	-102.29120950163957	5	3	2	4	2	1	4	0	5	4	2	1	0	2	0	
86	21.89658975930771	-102.28612263968184	5	3	4	3	0	5	4	1	2	0	1	3	4	3	1	
87	21.911578260554965	-102.29784907218155	4	5	0	3	0	0	4	2	2	2	2	2	0	1	5	
88	21.903517529957682	-102.30510278621891	0	0	5	1	4	2	0	0	5	0	4	4	0	3	5	
89	21.929650674157532	-102.29351088571356	2	3	5	1	0	4	0	4	1	2	3	5	2	5	3	
90	21.927904857947226	-102.30461006709898	1	4	3	4	3	3	1	4	2	1	2	1	1	3	3	
91	21.91806043520577	-102.30071484943075	5	5	1	0	3	3	4	2	0	5	2	4	1	4	4	
92	21.931302969150565	-102.29580660520901	2	3	0	2	3	2	4	3	3	0	0	4	2	3	0	
93	21.933766164075607	-102.30379494798024	0	5	1	2	3	1	0	5	1	2	4	2	1	2	2	
94	21.93181889334228	-102.30035027343965	5	5	1	4	1	0	0	0	3	1	2	1	5	0	4	
95	21.924942391863837	-102.29550086487471	2	2	0	1	1	4	3	4	2	1	3	2	1	3	4	
96	21.918571684957204	-102.29705284849108	0	2	3	0	0	3	0	2	3	3	4	3	5	4	5	
97	21.938582312668284	-102.30592713170775	2	3	4	0	0	2	5	3	5	2	4	2	0	1	2	
98	21.929303210659562	-102.28558045570277	5	2	3	2	2	4	5	3	3	0	3	4	5	1	5	
99	21.932127428685366	-102.2847229716507	0	3	1	5	2	3	3	2	0	3	2	3	3	1	4	
100	21.941119585683104	-102.2967836318096	5	2	1	5	3	5	2	2	1	3	4	5	4	0	4	
101	21.936273994291064	-102.29042575334167	2	5	5	3	3	0	3	5	3	1	1	0	3	3	0	
102	21.935430647598828	-102.28971991724599	5	4	4	0	1	3	4	4	0	3	5	5	5	1	1	
103	21.93050016765734	-102.30512608621395	5	1	2	0	3	4	3	2	2	3	2	5	5	5	2	
104	21.924802883754143	-102.29535393292187	3	1	2	4	1	0	1	5	2	0	3	5	1	3	5	
105	21.932713767487506	-102.30299220468238	5	3	3	5	0	2	3	4	1	3	2	1	3	0	5	
106	21.92708861867161	-102.2918377816938	1	5	2	1	4	5	1	0	0	3	2	5	0	2	2	
107	21.924592032844455	-102.28793958119826	1	0	2	1	4	1	4	2	1	2	2	3	0	2	1	
108	21.920859919734358	-102.30362221949106	1	5	0	2	2	1	3	5	0	4	3	5	1	0	2	
109	21.941600274000837	-102.30076744439573	0	1	1	5	4	5	5	0	4	2	4	5	3	0	0	
110	21.936178239503466	-102.29561203685212	2	4	1	2	0	2	1	2	3	2	1	4	4	3	0	
111	21.94153084887398	-102.3058593658907	2	1	5	1	2	0	5	1	1	2	4	3	5	2	5	
112	21.930351897127068	-102.3061502494694	0	4	1	3	4	0	5	1	1	2	4	1	4	0	2	
113	21.940857975739554	-102.29759916075366	5	5	4	2	1	0	3	0	3	4	4	2	2	0	4	
114	21.936778730432135	-102.28661334884714	4	5	5	5	5	3	2	0	4	1	4	0	3	1	3	
115	21.921610767917308	-102.3013454728414	1	1	3	0	4	0	0	1	2	1	0	5	2	5	4	
116	21.92982443851673	-102.29652496911565	5	1	5	5	0	2	4	3	3	1	3	4	2	4	5	
117	21.928257317443844	-102.29981454585267	1	2	5	5	0	3	3	4	0	4	3	1	0	4	2	
118	21.93411652068164	-102.2897072575182	2	2	0	3	5	4	5	3	4	4	1	3	4	2	4	
119	21.930313431979574	-102.29597216951836	3	3	1	3	2	3	4	4	4	0	3	4	1	5	2	
120	21.943172397567174	-102.29161787925375	1	4	5	1	3	1	1	5	3	1	2	1	4	1	5	
121	21.93080025784691	-102.28399568707289	5	1	4	5	3	4	3	1	3	4	4	5	5	1	5	
122	21.918556997455735	-102.29782185686622	1	4	5	0	1	1	0	0	2	5	4	5	1	3	1	
123	21.935038607054704	-102.3015492322444	2	3	1	5	3	4	5	3	0	2	2	2	0	1	0	
124	21.929942946454695	-102.30617349105879	2	1	3	5	4	1	3	4	0	4	3	3	2	4	0	
125	21.937898513055544	-102.30221187763696	5	5	3	3	4	3	2	4	4	3	5	5	3	4	0	
126	21.924068340837188	-102.2864454719843	1	3	3	3	2	1	5	0	2	1	5	1	5	3	3	
127	21.93315086396729	-102.29785111335092	5	0	4	1	2	1	1	5	1	0	4	5	1	0	4	
128	21.936783759267563	-102.29517295680164	2	2	4	4	1	4	5	0	4	3	0	5	5	4	5	
129	21.84458991286719	-102.27315039180537	3	4	2	3	1	5	2	0	3	2	5	0	2	5	2	
130	21.857187951909307	-102.27993457242518	0	4	1	0	0	4	4	2	2	5	1	0	4	4	1	
131	21.841029260843765	-102.2684658355963	1	4	0	0	0	1	4	4	0	2	1	0	5	0	1	
132	21.852749948870954	-102.28075873785782	5	0	5	3	5	4	0	1	0	4	5	3	4	0	0	
133	21.852966580108713	-102.27997243172368	2	5	0	1	5	4	0	2	5	0	2	5	2	1	5	
134	21.84397658061032	-102.27463035678397	4	5	1	1	0	4	4	1	2	4	3	0	0	0	0	
135	21.863851526687704	-102.2636462229802	2	5	1	5	5	0	1	0	5	3	0	4	0	5	0	
136	21.8490111593072	-102.2726603110241	1	5	3	1	5	5	0	5	1	2	5	0	5	1	3	
137	21.856063111202264	-102.28304567095358	5	3	2	2	1	2	4	4	3	1	1	1	3	0	5	
138	21.86149050571794	-102.27706833057853	3	1	5	3	2	2	2	3	1	4	1	1	3	5	1	
139	21.871829047802986	-102.28090685427856	2	0	5	2	5	0	4	1	0	3	1	3	2	2	2	
140	21.885955978393167	-102.26802765338442	1	5	3	4	2	1	2	2	1	2	5	5	5	5	0	
141	21.86618533833237	-102.26440083263702	1	3	0	3	5	2	3	4	2	3	1	2	4	2	0	
142	21.88681903024686	-102.27723864415101	3	3	1	2	0	5	2	5	1	2	3	3	3	1	1	
143	21.88082349206737	-102.27013341722186	0	1	5	4	4	0	0	2	3	1	1	5	4	2	2	
144	21.885865074193383	-102.26737108412279	1	2	5	2	2	3	2	2	4	3	2	3	4	0	4	
145	21.8775440001869	-102.2769336493333	4	5	5	1	5	2	2	1	4	4	3	4	1	2	2	
146	21.879251026385454	-102.26188275035315	2	2	1	2	5	4	4	3	1	3	2	5	1	5	2	
147	21.87351398188129	-102.27154291231571	5	2	1	3	3	5	2	0	1	4	3	3	0	4	4	
148	21.8894026931299	-102.26916899180158	0	5	2	2	3	0	2	1	5	4	4	3	3	4	2	
149	21.866397850782192	-102.27821329502311	5	3	4	3	4	1	2	3	3	1	5	0	2	4	3	
150	21.87532917798484	-102.27198221426518	1	5	2	0	1	3	4	2	4	4	2	0	2	2	3	
151	21.889194480883692	-102.28288259803261	0	4	3	3	4	1	2	1	4	3	3	5	0	0	4	
152	21.885622591688772	-102.27935905683543	3	3	2	3	3	1	4	4	4	4	1	4	0	5	5	
153	21.87338798500518	-102.26701878819877	0	2	0	1	0	4	3	2	1	3	2	0	4	0	1	
154	21.88796420024867	-102.28082085050679	5	1	4	1	1	4	4	3	1	3	5	0	1	2	5	
155	21.889327219561867	-102.27507538790938	3	1	5	0	2	4	0	2	1	5	2	1	4	0	2	
156	21.878143743816732	-102.26763506191632	0	0	3	4	3	2	4	2	2	4	4	2	2	2	4	
157	21.877549213471834	-102.26244438634954	0	0	5	1	4	1	1	0	4	5	4	5	4	4	4	
158	21.88617897227866	-102.28333225147044	1	3	5	3	3	1	5	3	1	2	2	2	2	5	4	
159	21.868600519669002	-102.26721543694775	1	4	5	0	1	1	0	3	1	4	3	5	1	3	0	
160	21.88362307221553	-102.2739119374398	5	3	5	4	5	2	1	0	4	0	3	3	5	1	1	
161	21.88720336221561	-102.26740893230446	3	2	0	3	0	4	1	2	0	5	0	2	0	4	5	
162	21.880478596866414	-102.27211524685549	3	3	2	0	0	0	3	2	4	4	0	1	0	2	1	
163	21.88259061328533	-102.26964435479456	2	1	1	5	5	3	4	2	5	4	4	2	0	4	4	
164	21.880966447566298	-102.27951756956331	0	3	3	0	0	5	1	4	4	2	3	1	3	0	3	
165	21.868625800254197	-102.26410021616907	2	2	2	1	4	0	4	2	5	5	4	3	2	2	5	
166	21.890703450147512	-102.27748259311949	1	1	3	3	0	5	4	4	4	5	2	2	5	0	0	
167	21.866124988293368	-102.2627712505029	1	3	4	5	2	2	2	0	5	1	5	1	1	5	3	
168	21.88842793976858	-102.2680582779541	3	4	4	2	5	3	0	3	3	0	3	4	5	4	3	
169	21.873701385656883	-102.27057395026078	2	3	3	1	1	5	4	0	5	5	1	3	2	3	0	
170	21.8677825952012	-102.27414706265976	4	4	4	0	0	0	5	1	1	3	2	0	5	4	2	
171	21.908489023835326	-102.27119600552656	2	2	0	1	4	2	0	2	3	3	3	0	2	3	3	
172	21.905474679560072	-102.27223566366926	0	4	2	1	1	5	4	2	2	5	5	1	1	4	3	
173	21.915084227514967	-102.27213684890008	0	0	4	4	0	5	2	0	0	3	4	2	1	3	3	
174	21.895682071657703	-102.2710815263966	3	5	0	3	0	2	4	2	5	5	1	3	5	2	3	
175	21.90496656190033	-102.274564131614	3	3	4	4	3	0	0	5	4	4	2	1	1	3	1	
176	21.896575084763274	-102.26279766373676	5	0	5	5	5	5	0	1	4	3	4	5	0	2	5	
177	21.899581619677395	-102.26941753688392	4	2	4	0	4	0	3	0	1	2	3	5	3	4	3	
178	21.91578599814161	-102.27852177913707	4	3	2	4	0	3	4	0	4	4	5	2	4	3	1	
179	21.906653731826577	-102.26584087731663	0	5	4	3	0	3	1	0	4	0	3	1	3	1	2	
180	21.895001132481593	-102.27918061617454	4	5	2	3	1	3	5	0	5	5	5	1	4	3	4	
181	21.907395939432472	-102.27794628125251	0	5	1	4	1	2	3	3	4	0	4	5	3	4	5	
182	21.9162595142615	-102.27939864432157	3	4	3	2	5	3	1	0	1	2	2	0	0	1	1	
183	21.90461544849205	-102.26217650364644	1	5	5	5	0	3	2	3	1	3	1	5	4	3	5	
184	21.899217738809817	-102.26387974774634	1	4	5	0	0	5	1	5	0	3	0	5	0	5	1	
185	21.903512658370555	-102.27187740840355	1	4	4	4	4	0	0	1	3	3	3	2	3	2	1	
186	21.9144637194364	-102.27916764116397	0	2	0	4	4	3	1	4	2	5	5	3	3	5	2	
187	21.894250700294045	-102.27346607182965	1	1	5	4	5	5	0	4	2	3	2	2	2	2	3	
188	21.907569160408887	-102.28019989241812	1	0	4	1	0	3	1	5	4	5	2	0	2	3	4	
189	21.899430521226137	-102.28252747077154	3	2	1	5	2	0	2	2	2	3	4	5	5	3	4	
190	21.904138730302773	-102.26884469433772	3	5	4	4	3	3	5	0	1	3	2	5	2	5	2	
191	21.928887923547165	-102.2616278498006	1	0	5	5	5	5	4	2	0	4	2	1	4	1	0	
192	21.936743730716255	-102.28097275579111	2	2	0	3	0	2	2	5	2	5	0	3	4	1	4	
193	21.920219319013967	-102.28307036234813	0	3	1	3	5	1	4	4	5	2	0	1	2	3	1	
194	21.920428598599173	-102.26533138116413	4	5	3	5	1	0	2	4	0	0	0	5	2	2	3	
195	21.942243676712376	-102.26418204162289	4	0	5	4	5	3	5	4	1	4	3	0	2	4	1	
196	21.937121489737788	-102.27137625343819	3	4	0	1	0	1	3	5	5	5	2	3	5	1	3	
197	21.930915837669023	-102.26333186520253	4	1	3	5	1	0	1	5	2	2	4	1	1	0	1	
198	21.920671499973256	-102.27113726524034	2	5	1	1	5	2	1	1	4	5	0	0	4	5	5	
199	21.942192971885298	-102.27643381119219	1	0	5	5	0	3	0	0	3	1	2	1	4	0	1	
200	21.92642152443768	-102.26211992890352	3	5	3	1	1	0	3	3	5	4	2	2	5	1	3	
201	21.930400130522578	-102.26596318522549	3	3	3	5	5	3	5	0	0	4	1	4	3	3	5	
202	21.942386660935707	-102.26999362055172	2	3	1	3	3	3	5	0	2	0	2	2	1	5	2	
203	21.918225313502152	-102.27473157900712	3	0	4	3	1	4	5	1	3	0	5	3	2	1	3	
204	21.91772943491386	-102.28368659281462	2	3	0	0	4	0	1	2	1	5	4	2	1	5	3	
205	21.922381279772164	-102.27452101791526	5	1	1	0	2	5	5	0	1	3	4	0	2	0	3	
206	21.93867956273903	-102.27578142112868	5	5	5	0	3	4	0	5	3	0	4	5	4	3	4	
207	21.939123119808094	-102.27732882551939	2	3	0	3	2	4	5	5	2	0	0	4	5	0	2	
208	21.936425604062055	-102.26582411299485	1	1	0	1	1	1	1	0	1	4	5	0	4	1	0	
209	21.922155002420894	-102.27327252378541	2	2	3	2	3	1	3	1	0	1	0	4	4	5	5	
210	21.929960778457406	-102.27496946356618	3	2	2	5	1	3	1	0	0	3	0	3	5	4	0	
211	21.935477576915662	-102.27690978681679	3	5	1	2	1	0	1	5	1	2	2	1	0	5	2	
212	21.931129730912595	-102.272927719587	3	2	1	4	3	5	5	1	3	5	3	0	4	4	4	
213	21.919660202115463	-102.28244074033759	0	3	0	0	1	2	0	4	2	1	4	5	1	2	4	
214	21.933075813996027	-102.27981756122217	4	3	1	3	3	0	1	5	3	2	2	4	3	3	5	
215	21.928964585489915	-102.27955338713181	4	3	1	3	1	3	1	3	2	2	1	0	2	0	1	
216	21.920764539736386	-102.27048276223826	5	4	5	5	3	0	2	2	0	1	2	3	3	2	4	
217	21.928159121944567	-102.28273153235602	0	1	0	2	4	4	4	4	2	0	1	3	5	2	3	
218	21.92734225973118	-102.26402703841117	1	2	4	0	1	0	5	1	3	0	4	1	2	5	0	
219	21.93421450771495	-102.28026307653089	5	0	4	4	1	3	1	2	2	1	4	1	1	3	0	
220	21.937068312924854	-102.27814176529313	4	2	3	3	0	0	4	2	4	0	0	5	5	1	4	
221	21.92643784987101	-102.28304176246328	0	2	3	0	4	3	1	4	0	5	4	4	1	5	1	
222	21.943289717376402	-102.27719178637884	2	4	3	1	5	1	2	5	5	1	3	0	5	4	1	
223	21.929919625269317	-102.26623408275346	0	5	4	3	1	3	1	1	5	5	1	3	5	2	2	
224	21.93780517608672	-102.28329670544431	4	0	3	1	0	1	3	1	3	5	4	4	1	2	4	
225	21.935875069166062	-102.26261730991355	3	4	5	2	0	2	0	4	2	5	4	5	1	2	0	
226	21.939844892482913	-102.27404511266849	0	2	2	2	3	2	4	5	3	1	1	4	3	2	5	
227	21.92506509270759	-102.26228338539691	2	3	3	2	0	5	5	4	5	0	5	3	4	5	5	
228	21.920330631344147	-102.26457896998971	4	4	0	2	4	5	4	5	5	1	0	3	3	1	1	
229	21.934593918260294	-102.28101006352537	1	2	3	4	3	2	4	3	5	4	5	1	1	4	2	
230	21.921202868364475	-102.27165887426948	1	2	3	5	2	3	0	5	1	4	5	1	0	2	2	
231	21.921856978479166	-102.27752205370034	0	0	2	2	4	0	2	0	0	5	2	5	0	5	2	
232	21.92544481343928	-102.27041569548204	3	0	0	4	5	2	2	0	1	4	4	2	3	3	0	
233	21.940568060716092	-102.2786236347464	2	1	3	3	4	0	1	3	3	1	3	3	1	5	2	
234	21.942999373739582	-102.26939198976096	4	0	2	3	2	4	1	5	3	3	0	1	2	3	1	
235	21.9288939355882	-102.26939936585303	5	3	0	5	5	3	4	5	2	1	0	0	3	3	4	
236	21.92637617589342	-102.28200490451961	1	4	0	0	2	5	5	1	5	3	4	1	3	5	4	
237	21.933031567146937	-102.28258875695576	4	5	5	4	2	3	0	0	3	2	0	0	2	2	3	
238	21.93533196507798	-102.2796704855074	4	1	1	0	2	0	1	5	0	1	1	5	1	0	4	
239	21.935290990135144	-102.26565619957987	0	1	1	3	4	0	2	1	2	5	3	2	3	5	3	
240	21.939323786341742	-102.26656713230585	4	4	3	2	0	1	5	4	0	1	2	3	3	2	3	
241	21.926216292537102	-102.26959835997565	3	0	0	0	4	2	5	1	2	1	1	3	5	2	3	
242	21.94288084782678	-102.26275055109728	2	3	1	4	2	2	2	0	0	2	0	2	1	1	3	
243	21.942663519498225	-102.2678532322725	3	4	3	2	0	2	1	1	2	3	5	1	0	4	0	
244	21.93866203908595	-102.26954715392311	1	2	5	1	5	3	5	4	1	3	4	0	1	1	0	
245	21.92111219596089	-102.26841103539505	1	4	1	3	3	4	5	2	0	4	5	1	0	4	3	
246	21.921099150526203	-102.26498205482775	5	1	1	1	0	2	3	3	0	3	3	1	0	1	2	
247	21.92549252190143	-102.27224819415875	1	1	2	3	0	2	3	2	5	4	1	1	2	0	5	
248	21.941013819609292	-102.27502293094788	5	0	5	2	4	5	2	0	3	5	3	4	1	3	1	
249	21.937782743916493	-102.28052758399114	1	1	1	2	1	5	0	5	5	3	4	0	1	2	2	
250	21.921478689965994	-102.2682408094163	1	1	0	2	5	1	0	5	3	1	2	1	5	5	2	
251	21.92747076055966	-102.27117483100882	0	3	0	2	3	3	2	4	3	0	0	5	5	3	5	
252	21.93975110426558	-102.27462199105216	3	4	5	2	2	1	5	4	0	4	1	5	1	3	0	
253	21.93604178982228	-102.27106235106112	4	2	1	1	1	2	4	4	4	2	0	0	1	0	3	
254	21.929235717430128	-102.2641590780553	5	1	0	2	2	0	5	3	4	3	3	0	2	0	1	
255	21.921685812545228	-102.26503386489607	2	2	3	5	4	3	1	5	5	1	5	5	2	3	5	
256	21.92544196855277	-102.26821944030128	2	0	1	1	2	2	2	1	5	4	2	2	4	4	5	
257	21.918663545088794	-102.27515902236496	0	0	4	3	5	5	2	1	4	4	5	3	3	1	2	
258	21.921284605011568	-102.2679910650302	5	0	5	5	0	0	3	0	3	1	0	1	4	3	3	
259	21.924546089032006	-102.26301900106408	5	3	2	4	2	3	5	2	2	4	5	4	3	4	1	
260	21.922888912376262	-102.2699432229569	5	2	4	4	3	0	4	5	2	0	1	3	5	3	2	
261	21.923416816045847	-102.26753068729703	1	5	0	4	4	3	2	1	1	1	5	3	4	3	5	
262	21.92609405796761	-102.2622868897034	1	4	4	0	5	4	4	2	3	1	2	0	5	5	2	
263	21.918791819012906	-102.27313753719655	3	1	3	4	1	2	3	3	4	4	3	3	2	2	3	
264	21.928827199763326	-102.27398267712981	2	5	1	4	3	2	0	1	3	0	4	5	3	4	5	
265	21.9355211120845	-102.28063159471333	1	0	3	4	2	4	1	1	5	3	2	4	1	1	4	
266	21.927032621836823	-102.2815737641765	0	5	3	0	1	1	4	0	4	5	0	4	0	2	4	
267	21.91804524470059	-102.28324395678881	2	2	4	3	3	5	3	5	1	4	0	0	4	3	3	
268	21.932903347544197	-102.2802313863805	5	2	2	4	5	3	5	0	0	4	4	1	0	1	3	
269	21.93385634880607	-102.26520586972651	4	1	1	1	5	2	0	5	0	1	1	4	5	0	5	
270	21.92752548224266	-102.26930231144286	5	5	1	1	1	4	5	5	4	0	1	2	0	4	0	
271	21.86266075291821	-102.25910634456027	1	1	2	0	3	4	0	2	4	5	4	4	3	1	1	
272	21.85833212651035	-102.25376457015076	4	2	0	5	3	5	2	3	3	5	0	0	2	1	1	
273	21.854195725598018	-102.24768906202901	5	4	2	4	3	3	2	4	4	3	0	2	0	2	2	
274	21.856334592984553	-102.24830442431555	1	0	5	3	5	2	0	3	4	4	5	4	4	5	3	
275	21.848593095490944	-102.24132073117441	3	1	3	1	1	3	1	2	4	0	0	5	3	0	5	
276	21.85137406514226	-102.25238608020096	5	3	4	3	5	2	1	3	4	4	4	5	5	3	5	
277	21.84151690317453	-102.2480256843547	1	4	1	2	4	4	3	3	5	1	2	5	1	1	5	
278	21.842559678049618	-102.246515409828	4	4	2	1	4	0	5	1	1	5	2	0	4	0	1	
279	21.85623501984383	-102.24203762146101	4	2	5	5	2	2	0	4	1	4	3	4	0	0	4	
280	21.86449046187836	-102.24003893019683	1	1	3	1	0	1	2	3	4	2	3	1	1	3	1	
281	21.86108228013374	-102.25918767658244	1	2	0	2	4	2	3	0	1	3	4	1	3	4	5	
282	21.85078758080078	-102.24393516628412	2	1	0	4	3	1	4	1	2	0	1	1	2	4	1	
283	21.853290406476262	-102.24868598250633	5	3	4	3	1	3	5	2	3	3	2	0	0	2	4	
284	21.84763886093624	-102.2405767486726	2	3	2	5	2	4	4	5	2	1	5	3	2	2	3	
285	21.859594985275603	-102.24932855143831	1	1	2	3	4	5	2	3	1	4	4	2	3	2	1	
286	21.84425519399843	-102.26113707070675	5	5	3	0	0	5	2	2	4	5	0	2	5	4	4	
287	21.851190595038187	-102.24138795066342	1	5	1	0	4	1	2	2	0	3	1	5	4	2	4	
288	21.84289265941549	-102.24319210411547	1	5	0	2	2	5	0	1	3	2	5	2	0	5	0	
289	21.852496945092884	-102.25712879807105	0	3	4	2	1	5	1	5	2	2	4	3	0	0	3	
290	21.848880045498646	-102.24293095746755	1	2	3	1	0	0	4	5	2	0	0	1	4	1	1	
291	21.8879397192156	-102.24283093232839	2	5	4	5	5	1	3	0	4	1	4	5	0	2	1	
292	21.881531941784093	-102.24090157349447	0	2	0	4	1	5	5	5	4	5	5	0	2	3	3	
293	21.886076862064815	-102.2467110067854	3	4	3	3	3	2	2	2	1	2	2	5	1	1	1	
294	21.88842460800531	-102.2595470949681	4	4	1	1	2	5	3	2	4	0	3	3	2	1	2	
295	21.875728505542224	-102.24098017669053	2	0	3	5	3	2	0	4	0	0	0	4	2	2	1	
296	21.875137267975703	-102.2574938875622	5	4	2	0	0	3	2	2	2	0	4	1	0	3	5	
297	21.870354056843787	-102.24503564401405	3	0	1	3	0	5	2	4	3	2	1	3	1	0	5	
298	21.89133833392153	-102.24913656179686	4	3	3	1	4	5	3	2	4	0	3	0	2	5	4	
299	21.884576199786753	-102.24872499289997	0	0	0	2	2	5	5	4	2	5	2	4	1	2	4	
300	21.89078532935733	-102.24219894485763	1	2	1	3	1	2	0	5	1	0	3	2	3	4	4	
301	21.8795413244137	-102.24577788200251	0	3	4	2	3	3	2	3	4	5	0	3	5	3	0	
302	21.873137103516285	-102.25755298228344	5	2	2	1	5	5	4	2	1	4	5	1	1	2	0	
303	21.865942054476026	-102.24863920045509	0	3	2	3	0	0	5	5	3	5	3	4	4	2	3	
304	21.87023592014493	-102.2533365388128	3	0	1	5	4	4	2	0	2	0	4	0	4	0	4	
305	21.890253248174826	-102.23966085341551	3	3	4	3	2	0	2	0	4	5	3	4	4	5	5	
306	21.867141381377383	-102.24191775858942	1	3	3	3	3	0	2	0	5	0	5	5	0	3	1	
307	21.884096660260273	-102.2397177943383	5	0	3	2	3	2	5	4	5	1	3	5	0	0	0	
308	21.88352766182761	-102.25557822634967	3	2	1	0	5	5	0	1	4	4	4	4	0	0	0	
309	21.89596556783075	-102.24503507486699	2	1	2	3	3	5	5	3	3	5	4	3	1	5	3	
310	21.894246857524173	-102.25077738754696	2	1	0	5	3	4	3	3	2	3	3	3	4	1	1	
311	21.900699346400337	-102.25689665052671	4	3	3	1	0	5	2	4	4	1	3	4	5	5	3	
312	21.9062521083315	-102.25520263883466	0	0	5	5	5	4	1	1	2	3	4	3	3	0	5	
313	21.899577136215505	-102.26094212188845	3	2	2	3	2	5	2	2	3	5	0	3	1	5	1	
314	21.914983807897748	-102.25680743545688	5	4	4	3	2	5	1	1	2	4	5	0	3	1	3	
315	21.9052496513989	-102.24803530360417	0	1	4	3	0	5	3	5	2	4	3	1	1	5	0	
316	21.906294177120976	-102.25646360772947	3	5	3	1	5	0	3	4	5	3	3	4	5	4	0	
317	21.90789381350482	-102.2484905237057	1	5	0	3	2	2	4	2	3	0	1	4	5	3	2	
318	21.90280342789482	-102.2588576276467	5	4	4	4	3	0	4	1	5	5	5	1	1	0	1	
319	21.91485122322698	-102.24840004900531	2	3	5	0	4	2	4	2	4	2	4	0	2	1	3	
320	21.893466642413824	-102.25709500162391	1	0	4	2	1	5	2	5	5	1	2	4	0	1	4	
321	21.91507169828306	-102.25131319022942	4	4	3	2	4	3	0	1	4	2	3	2	5	4	5	
322	21.90462475159936	-102.24061651108822	1	4	1	4	3	3	5	4	4	4	3	3	3	0	4	
323	21.902364491926004	-102.25919444847433	5	2	4	0	4	2	3	1	2	3	5	5	0	1	0	
324	21.904166348159308	-102.25981406114894	1	2	5	4	1	1	3	3	3	1	2	2	1	1	4	
325	21.916140177884785	-102.24636480079418	2	4	2	5	5	5	2	0	1	0	1	0	1	5	1	
326	21.91228092925397	-102.251114839231	1	5	1	3	3	3	5	5	5	1	1	2	1	5	1	
327	21.906594317798092	-102.25393371755526	2	1	5	5	1	1	5	4	3	3	1	4	3	0	1	
328	21.90242036218141	-102.25310362996284	2	5	0	0	0	3	2	4	5	5	0	0	2	2	4	
329	21.912444399595785	-102.24436474907162	1	2	2	2	4	4	4	3	5	1	3	3	5	0	0	
330	21.914684186189355	-102.25224379826987	4	4	1	5	1	3	4	1	4	3	1	4	2	3	4	
331	21.905453085757653	-102.25482146121296	1	3	2	3	1	1	1	0	0	4	0	2	4	5	3	
332	21.9150095758258	-102.24635400781993	1	1	3	4	2	2	5	3	5	2	3	2	3	5	5	
333	21.916719314248798	-102.23956317390999	1	4	0	1	4	3	0	4	2	4	0	2	5	4	1	
334	21.911708427625005	-102.24902968959609	0	2	2	4	4	3	2	4	2	0	1	0	5	2	5	
335	21.9044495932487	-102.24130073174709	2	3	1	1	4	1	0	0	3	1	0	0	2	1	0	
336	21.89745145935885	-102.24167760654375	5	3	0	1	3	2	4	5	0	3	0	3	4	3	2	
337	21.90922696671581	-102.25927039409314	2	2	1	3	3	0	3	3	2	2	2	1	3	4	4	
338	21.9044788103683	-102.24121748749288	4	3	4	3	1	4	0	5	4	0	1	2	3	0	4	
339	21.917232283365998	-102.26109839670687	0	0	0	3	5	0	3	1	0	1	1	1	5	4	4	
340	21.907764215329347	-102.25817949486537	4	3	2	2	4	2	5	3	3	0	4	3	2	4	5	
341	21.91960178327671	-102.24146096453445	3	1	1	1	3	0	1	1	5	2	2	2	0	4	1	
342	21.924186088443484	-102.24798721144793	2	3	1	2	0	4	3	1	5	0	2	1	2	5	1	
343	21.9253338852749	-102.24164681150073	1	0	1	1	2	3	0	5	0	1	0	0	2	1	3	
344	21.9237379993948	-102.25768204926084	5	4	0	0	5	1	2	4	3	0	4	0	3	3	1	
345	21.923124348294266	-102.24766071069041	1	3	4	0	5	5	2	4	5	4	3	0	3	1	3	
346	21.93821593326826	-102.25782274737821	5	0	3	5	3	2	1	2	0	4	1	4	0	3	0	
347	21.921151859133275	-102.254996555583	5	0	5	3	4	5	4	3	2	0	1	2	4	0	1	
348	21.93500809938882	-102.25287588824554	5	2	0	5	3	0	5	2	5	0	1	1	0	0	4	
349	21.938876936796337	-102.24173365212368	0	4	5	5	4	2	5	2	2	5	3	4	0	3	4	
350	21.923007278118092	-102.24878675517822	3	4	0	2	5	0	2	1	4	2	5	5	3	0	1	
351	21.942448188123787	-102.24078950873975	4	3	0	0	5	2	0	4	3	0	4	1	1	0	3	
352	21.934783360078264	-102.25554212103508	5	0	3	1	0	4	1	3	3	5	2	2	0	5	1	
353	21.92152478093392	-102.24235807635142	2	3	3	3	1	5	1	1	3	3	3	3	2	3	4	
354	21.933986686586163	-102.24519300820512	1	1	4	5	0	2	3	1	1	2	1	5	4	5	3	
355	21.93992116301353	-102.24169304517308	3	4	1	1	0	4	2	0	3	1	5	1	4	0	4	
356	21.942972197089226	-102.25673117517447	4	0	5	5	3	2	4	5	1	2	0	5	1	2	2	
357	21.924630098024313	-102.25651353100456	0	5	1	4	4	1	3	1	0	5	3	5	2	1	4	
358	21.928477368508553	-102.24010263497276	1	0	0	0	5	2	3	0	1	5	4	2	5	5	1	
359	21.91864672635628	-102.25052603925198	0	5	0	1	0	3	2	1	3	0	1	5	1	3	3	
360	21.92882179283947	-102.2394495062618	4	1	2	1	1	0	2	5	4	4	4	5	2	2	3	
361	21.932874474891175	-102.26144680168308	4	0	2	4	2	4	0	5	1	2	4	0	3	0	3	
362	21.93423860298876	-102.2412653658019	0	1	1	5	5	5	5	0	5	4	1	1	1	2	2	
363	21.91852613838589	-102.24054488113426	2	2	3	0	1	2	0	4	2	5	4	1	3	4	4	
364	21.937146312592418	-102.25010773950696	4	0	0	4	2	0	1	3	4	2	5	0	0	2	3	
365	21.9400341293614	-102.24901511784834	0	2	0	1	5	2	1	4	1	1	3	1	0	1	1	
366	21.91892247226117	-102.26057220881881	2	0	0	2	1	1	5	2	1	4	3	2	2	3	1	
367	21.92758422370552	-102.24325998581432	4	5	1	0	2	3	1	2	3	0	4	0	5	3	1	
368	21.935811944321816	-102.25712517588771	4	0	5	4	1	5	2	0	3	3	3	4	3	0	5	
369	21.918782914762648	-102.2471848818761	0	5	4	0	1	5	3	5	5	0	0	3	2	2	5	
370	21.925849141405642	-102.24732333718369	3	2	0	2	3	4	1	2	1	4	3	5	2	4	3	
371	21.935856735655126	-102.24342343858972	1	0	1	1	1	1	5	3	2	0	0	4	0	2	5	
372	21.927381211422446	-102.24769842201604	2	3	3	4	3	1	0	2	2	0	0	5	3	1	5	
373	21.931883138878288	-102.24692209658654	5	3	0	3	2	1	4	3	4	0	3	5	2	5	2	
374	21.94234452521805	-102.24554939068177	5	2	2	0	2	1	0	4	3	4	2	3	0	2	1	
375	21.925783655485546	-102.24575405862517	4	4	0	2	0	0	0	2	5	5	0	0	1	0	4	
376	21.936635915271307	-102.2573125434519	4	2	1	1	3	5	4	3	0	1	0	0	4	0	0	
377	21.91880648188527	-102.24343999992969	0	5	2	0	4	1	4	2	5	2	0	4	2	3	0	
378	21.937684707485055	-102.2453463991523	5	4	5	0	2	3	4	4	4	0	5	4	0	1	0	
379	21.939308611068054	-102.24518371042647	1	0	1	2	5	0	1	0	4	1	5	1	1	1	1	
380	21.939267400310197	-102.24365477014751	4	1	1	3	5	5	1	2	3	0	3	2	5	1	1	
381	21.93621470372929	-102.25541984165918	4	0	5	5	2	4	2	0	0	2	1	0	5	2	3	
382	21.93368071994322	-102.2444014641715	3	2	0	0	5	0	5	5	5	3	3	0	1	4	4	
383	21.936218363528067	-102.26106519573688	1	3	3	1	5	4	0	0	3	5	3	3	3	4	0	
384	21.93084897567873	-102.24843467548274	2	1	2	2	0	4	5	0	0	5	5	4	3	0	1	
385	21.92141204859659	-102.24389018832022	5	3	4	1	3	4	0	0	0	4	3	3	5	4	0	
386	21.941080559558984	-102.26109028952678	3	2	0	5	2	3	2	0	4	5	4	5	2	1	4	
387	21.927558451598717	-102.24283993684855	5	4	3	2	1	1	3	0	3	0	3	4	4	4	1	
388	21.93832268927556	-102.24729764541745	2	3	1	5	1	0	5	5	1	2	5	5	4	3	5	
389	21.919332963162876	-102.25010269242604	0	4	4	3	2	3	0	4	0	5	3	3	3	4	1	
390	21.940537148682953	-102.25656428044513	0	0	0	1	0	0	3	2	3	5	2	0	1	2	0	
391	21.923201808666413	-102.25787758744009	4	4	4	3	5	3	1	5	1	4	3	5	2	5	3	
392	21.932017805768837	-102.24703340538517	5	2	4	3	2	3	5	2	3	5	5	4	3	2	5	
393	21.926884494578903	-102.2396301788334	1	2	0	0	5	2	1	0	5	0	4	4	1	5	1	
394	21.927727052071187	-102.25697818966967	4	3	2	1	0	3	2	3	0	5	2	1	0	0	1	
395	21.9305336136275	-102.24630462151741	0	1	3	1	2	2	1	3	2	5	5	3	3	1	0	
396	21.933004809595246	-102.23956794044892	2	5	4	3	3	1	0	4	3	0	4	3	0	5	4	
397	21.9362854225245	-102.25982051800678	3	1	5	3	0	4	0	0	5	5	3	3	4	4	2	
398	21.924796975380406	-102.24111056528973	1	0	0	0	2	3	5	3	0	1	2	3	5	2	1	
399	21.943161121202415	-102.24054178207633	3	2	1	2	2	1	1	5	2	2	5	3	2	1	1	
400	21.941211726952364	-102.26115594306151	4	2	4	0	3	4	0	1	1	3	4	5	2	2	0	
