ID 	 X_COORD		 Y_COORD		 F1	F2	F3	F4	F5	F6	F7	F8	F9	F10	F11	F12	F13	F14	F15	F16	F17	F18	F19	F20	
1	21.840441302156897	-102.32059280412525	0	4	4	2	4	4	3	2	5	0	1	4	4	0	4	3	3	2	5	5	
2	21.84129446262436	-102.32787675443818	5	0	1	4	4	3	2	3	3	0	2	4	5	1	1	5	5	4	3	4	
3	21.87929550219671	-102.3240456454754	2	1	2	2	1	3	5	2	3	4	2	3	3	0	4	1	5	0	3	4	
4	21.883082795450886	-102.31070308113297	1	1	1	0	5	2	3	3	1	5	4	3	3	2	2	0	2	1	3	4	
5	21.887104914965843	-102.32296738861316	5	1	4	5	5	5	3	2	2	0	2	2	4	4	0	2	4	0	4	5	
6	21.86825909599194	-102.31731456804111	0	2	1	4	3	4	5	1	5	3	0	0	1	3	5	1	2	2	4	2	
7	21.90794376972038	-102.31129833629059	0	1	0	0	1	1	2	0	0	1	2	5	5	3	2	2	5	3	2	5	
8	21.91046606489985	-102.32094724283698	1	1	4	2	0	4	2	3	1	1	1	4	0	5	0	0	5	0	2	2	
9	21.939341992202962	-102.31931161545154	5	0	5	2	4	2	2	3	3	5	1	0	5	3	0	2	1	0	5	5	
10	21.935119976515153	-102.32156066926615	5	4	2	1	0	4	4	3	0	2	1	2	3	0	4	4	3	5	4	1	
11	21.93011605847891	-102.31752560610852	2	0	1	2	3	1	2	4	2	3	4	0	0	0	1	5	5	5	5	0	
12	21.924873171373886	-102.31273438742863	0	5	5	4	2	2	5	5	5	2	5	3	4	0	2	0	2	2	3	2	
13	21.925500842714122	-102.31624221961248	5	0	5	0	3	4	1	4	4	4	5	3	5	5	1	2	5	1	2	0	
14	21.937637213766052	-102.32411458482537	5	1	1	4	3	3	3	1	1	2	5	0	2	5	4	4	0	1	2	5	
15	21.92425984221478	-102.32735196111952	5	5	1	2	1	0	5	4	3	2	1	4	1	2	0	3	4	5	1	2	
16	21.920842188071948	-102.32596964228566	1	0	5	5	3	0	4	3	2	4	3	2	4	4	5	0	4	4	1	5	
17	21.92502459778563	-102.3266398760168	4	2	5	1	3	0	2	5	2	1	1	1	4	1	5	4	0	2	4	3	
18	21.93537706687922	-102.31170114376482	5	0	4	3	2	5	5	4	5	5	4	3	4	5	5	5	5	2	0	3	
19	21.924880342188256	-102.30829565189094	3	3	2	3	1	2	3	1	0	1	4	4	5	2	4	2	2	2	1	3	
20	21.93956787204801	-102.32698889827331	4	1	2	3	3	5	3	1	4	5	2	5	1	5	1	1	4	2	5	2	
21	21.84312371267864	-102.29405934283339	3	5	4	4	1	2	0	3	2	1	3	1	3	3	5	3	5	1	2	5	
22	21.85509105125288	-102.28429186661249	5	2	0	5	5	5	5	1	3	0	3	0	1	5	5	3	0	1	0	3	
23	21.844960366433906	-102.30037242417374	0	2	2	0	4	5	3	2	2	5	4	0	5	5	5	5	2	0	5	1	
24	21.860927127446807	-102.30344205635461	5	3	5	3	0	5	3	5	1	5	5	0	1	4	4	3	4	0	4	0	
25	21.85028526388089	-102.3017744848422	4	3	5	2	0	5	1	1	5	3	5	4	0	2	1	5	4	2	3	4	
26	21.85057092261995	-102.30602229735516	0	2	0	3	3	4	2	5	3	0	1	0	3	0	0	0	3	5	3	0	
27	21.860281090830973	-102.28858653435805	5	5	4	3	4	0	2	0	2	1	4	4	0	5	0	4	5	2	1	1	
28	21.84526108798413	-102.30092320207311	1	3	4	5	4	1	0	1	4	2	3	1	5	0	0	1	1	4	1	0	
29	21.84736397051967	-102.28585280354245	3	5	3	1	1	2	0	2	4	0	2	3	2	1	5	0	3	3	5	3	
30	21.842727185081063	-102.29227519480317	3	1	4	1	0	0	1	2	4	2	3	4	1	4	0	1	0	5	2	0	
31	21.860890301118783	-102.2992972700526	3	1	2	5	1	4	0	2	0	4	1	5	2	5	0	4	1	4	5	0	
32	21.857834557402146	-102.30003779059015	1	4	0	3	5	5	3	0	2	5	2	1	0	1	4	4	3	5	0	1	
33	21.867738852808618	-102.29457528137787	1	1	0	1	2	3	3	5	3	5	3	2	0	3	0	4	5	3	3	1	
34	21.87356575877609	-102.29268758262738	3	3	3	2	0	2	5	5	4	3	4	1	4	0	1	5	2	0	5	0	
35	21.86849972778747	-102.30379186302035	1	1	2	5	2	3	2	5	0	0	0	0	4	0	1	1	0	5	5	4	
36	21.884162970686976	-102.29170946646386	4	0	5	4	2	4	2	5	5	2	2	2	1	3	4	0	5	3	1	0	
37	21.8906334112173	-102.30427929596347	5	0	5	0	4	5	4	2	4	0	0	4	0	0	2	2	1	2	5	5	
38	21.88131780135308	-102.28551720182385	4	3	1	3	2	2	2	0	3	2	1	5	4	2	3	2	2	3	3	3	
39	21.87201351944193	-102.3041952047858	3	1	2	0	3	0	3	4	0	2	1	4	5	5	4	1	3	3	2	0	
40	21.882907051845564	-102.29789556452661	3	5	2	4	4	3	4	0	5	4	4	1	1	4	0	3	4	1	0	4	
41	21.884473701258575	-102.30460628363612	1	4	1	0	1	2	3	3	1	1	3	3	3	2	1	5	0	4	1	1	
42	21.87988210591927	-102.28767212334907	3	1	1	0	3	0	3	3	3	5	2	4	4	4	4	4	1	3	4	3	
43	21.86750938402047	-102.29916459432069	4	0	3	1	1	5	5	3	3	3	2	2	3	5	0	0	1	3	0	0	
44	21.880946912859763	-102.29935208096246	0	3	4	0	0	0	3	3	2	0	4	5	5	5	2	3	1	4	5	2	
45	21.88881357661354	-102.28547839296081	4	2	1	5	0	5	0	4	3	1	0	3	5	4	1	1	4	5	0	0	
46	21.879846406707088	-102.28423812967503	1	0	2	5	2	5	4	3	0	4	4	1	0	5	1	5	0	4	2	2	
47	21.883515614569866	-102.29666169271032	1	0	1	3	4	0	2	5	3	3	0	5	1	1	1	2	3	1	0	3	
48	21.889288466478984	-102.29127254303296	4	5	1	2	3	0	4	2	0	0	1	2	1	5	1	4	4	0	0	0	
49	21.882995032061892	-102.29919746491043	2	1	2	1	4	1	4	0	3	2	5	3	0	0	4	0	5	0	5	3	
50	21.88874238804386	-102.29661253782105	3	5	4	2	4	4	1	0	1	2	2	4	1	0	3	3	0	4	4	2	
51	21.87108035309205	-102.28403604414767	2	0	0	4	2	5	1	2	0	1	4	4	1	1	2	5	1	2	0	1	
52	21.88864153666847	-102.29996361782369	0	4	3	4	4	2	0	4	0	3	4	4	1	5	1	2	5	1	3	2	
53	21.881976056354247	-102.29264868586594	5	4	2	5	4	0	5	5	5	0	0	2	1	2	1	2	1	3	0	4	
54	21.87313987745376	-102.29509974971303	2	3	5	2	2	0	2	1	0	1	3	5	3	3	3	2	2	4	2	0	
55	21.872532871187072	-102.29838834279887	0	0	4	5	1	1	0	5	1	5	3	0	0	1	0	0	4	1	0	3	
56	21.87551865444606	-102.29126218250224	1	0	5	1	5	1	3	3	2	2	0	3	1	4	0	3	3	1	0	3	
57	21.897816399639535	-102.30035315758985	1	2	1	2	3	5	4	2	5	4	0	0	4	2	5	4	2	5	1	4	
58	21.899222828207353	-102.28835680146733	5	4	5	0	2	5	3	4	3	3	5	0	5	0	3	4	4	1	1	3	
59	21.914132341717448	-102.3012726348384	1	0	0	4	1	0	5	5	4	2	1	0	5	5	3	3	1	0	4	3	
60	21.910503123744284	-102.30133126769628	4	5	1	2	3	5	0	1	0	0	3	0	5	4	3	4	4	4	1	0	
61	21.915964941503212	-102.30168042740053	4	1	3	0	1	0	4	5	0	4	0	4	4	2	1	2	4	5	1	2	
62	21.8989156024398	-102.28809103401424	5	4	5	0	3	5	3	2	0	0	3	5	4	2	2	4	0	0	3	2	
63	21.90246215701151	-102.30075467984315	4	0	4	1	4	3	2	4	5	2	4	4	5	1	5	1	1	4	2	4	
64	21.893998069523242	-102.30023534911275	0	1	5	4	4	5	5	1	5	5	4	4	4	3	0	0	2	5	0	0	
65	21.901629584116268	-102.28600080794887	0	1	4	1	5	2	5	0	2	0	1	4	2	5	5	0	0	0	3	0	
66	21.900740652322618	-102.287297361504	4	3	2	5	5	3	4	0	2	0	3	5	4	3	1	4	3	4	2	5	
67	21.91654481492515	-102.29427116163995	0	0	0	2	1	0	0	0	1	2	2	3	5	4	3	0	5	3	0	5	
68	21.90050870050415	-102.29163181655684	3	1	4	5	0	2	1	1	2	1	2	3	0	0	0	1	1	4	4	3	
69	21.91245771682636	-102.29578813000077	5	2	4	5	1	2	4	3	0	1	2	0	2	0	2	5	5	3	5	5	
70	21.91139067590503	-102.29897321426908	0	2	2	4	2	3	5	1	4	0	5	1	2	2	2	0	4	2	5	0	
71	21.9055743928895	-102.30534837863378	1	2	4	1	3	3	1	1	4	2	3	0	2	0	2	1	0	5	1	5	
72	21.912542296343776	-102.29586554041016	2	2	3	3	2	0	3	1	3	2	5	3	4	4	3	4	2	1	5	3	
73	21.915444936372598	-102.29910702370164	5	4	2	5	2	5	3	5	4	1	0	4	4	4	3	1	2	3	2	4	
74	21.91592310387064	-102.29457355256959	4	2	4	0	1	1	4	5	5	5	0	5	2	4	5	4	0	0	1	0	
75	21.908900347733628	-102.28637989478425	3	5	1	5	3	4	1	3	4	2	1	2	3	5	1	2	3	0	0	3	
76	21.914282782342827	-102.28916802338523	5	0	0	5	0	5	1	2	5	5	5	5	4	5	5	3	1	3	1	3	
77	21.90553327814993	-102.28426405025698	1	0	2	2	3	4	5	5	5	0	3	1	2	5	4	3	1	2	4	2	
78	21.903414537137454	-102.28765685356828	2	1	3	5	5	3	0	5	1	3	2	0	5	5	2	4	0	0	5	3	
79	21.901251370884395	-102.28527204496567	5	3	0	3	0	2	2	4	4	4	0	3	4	4	3	2	3	0	3	4	
80	21.89659917638036	-102.29824028267349	3	3	0	1	5	0	1	2	5	2	1	5	0	0	4	2	1	2	2	5	
81	21.903721640152103	-102.29437628758373	4	3	0	2	2	1	5	5	0	4	1	5	1	3	0	1	0	1	4	2	
82	21.905317379122728	-102.29139735871617	1	2	5	2	0	0	1	5	5	3	1	4	0	0	5	4	1	2	4	1	
83	21.91047029103591	-102.30309393672009	2	4	0	3	2	5	4	0	0	4	1	2	0	1	5	1	5	4	3	4	
84	21.91166680930147	-102.29158107873262	5	2	5	5	2	4	5	3	2	4	1	1	5	4	5	3	3	3	4	2	
85	21.901283048940954	-102.2903648251909	4	0	5	0	2	0	4	5	4	5	3	4	5	3	1	1	1	4	2	5	
86	21.911332678672768	-102.3055193529353	5	2	4	5	5	3	2	5	3	3	0	4	3	4	2	2	2	4	1	5	
87	21.91534340052381	-102.29145872864432	3	3	3	0	1	0	0	5	5	0	0	2	2	4	0	0	3	0	4	1	
88	21.908747628413963	-102.29960803321141	3	3	5	4	0	3	5	3	1	0	5	5	2	5	4	3	0	4	0	3	
89	21.921142672888404	-102.29336851836968	3	2	1	4	0	5	2	0	5	1	1	2	1	1	3	1	4	0	5	4	
90	21.932307818060313	-102.28817351064636	0	0	2	2	4	3	5	1	2	1	2	1	5	1	5	4	5	5	4	1	
91	21.93161295308565	-102.2854109302033	3	1	0	3	2	2	2	1	0	5	2	0	2	4	0	0	4	3	0	0	
92	21.941027562524418	-102.28499003815564	3	4	4	4	2	2	3	4	0	0	2	2	5	5	5	1	2	2	3	0	
93	21.92372296152959	-102.30174641175914	4	1	3	4	1	5	4	1	0	0	4	2	0	0	1	1	4	2	2	4	
94	21.934761188208668	-102.30190013672566	5	5	1	2	0	2	3	2	2	3	2	4	2	1	3	1	1	1	5	3	
95	21.939529228616625	-102.28505399835075	0	4	5	1	2	2	3	3	4	2	2	2	3	4	2	0	2	1	5	4	
96	21.93323181350606	-102.2879693625601	1	5	0	4	4	4	2	1	3	2	3	5	4	5	0	0	5	1	0	1	
97	21.919644747977774	-102.30040471992956	2	0	0	0	5	1	0	4	2	0	5	0	3	0	0	4	0	0	3	3	
98	21.925594115600113	-102.2912957981548	0	4	4	5	2	0	3	0	3	0	0	2	4	2	0	2	3	1	4	3	
99	21.934545769928093	-102.28498185385395	4	5	3	4	5	3	3	1	1	5	0	5	4	1	5	3	3	3	2	2	
100	21.935813445368623	-102.30559150010153	5	2	2	2	1	5	2	0	5	1	2	1	1	3	0	1	4	2	3	1	
101	21.94275940493363	-102.29872910010599	1	3	0	5	1	2	1	1	1	5	1	2	4	5	3	5	5	0	5	1	
102	21.91763694112469	-102.2897436509642	0	1	4	4	4	4	3	2	5	1	1	4	0	3	5	1	2	2	2	4	
103	21.922553748318702	-102.28542905566893	2	0	0	1	2	4	2	2	3	0	4	5	4	3	0	4	5	2	0	5	
104	21.91985736563278	-102.29739733868819	1	3	1	2	2	4	2	4	3	0	5	1	0	2	1	2	0	5	3	0	
105	21.933510646764972	-102.28623293328269	1	0	3	0	5	2	3	4	4	2	4	2	1	4	2	3	5	2	3	0	
106	21.9257973283385	-102.28891464517123	1	1	0	2	0	5	1	3	1	3	5	4	2	2	3	2	1	0	4	0	
107	21.929843476679387	-102.29587126910413	4	3	1	2	0	2	4	3	4	0	5	5	3	5	5	4	4	4	0	0	
108	21.94003561137072	-102.29808263095173	2	2	3	0	0	2	1	2	1	4	3	3	1	0	3	5	0	5	3	2	
109	21.929037504400647	-102.28456054702632	1	1	2	5	2	5	2	3	1	5	3	4	5	5	3	5	3	2	1	3	
110	21.928023146793215	-102.29137384951052	1	3	5	2	4	5	5	1	4	3	2	0	3	3	3	3	2	5	1	0	
111	21.940024180549152	-102.30481506775739	5	1	5	2	4	0	2	0	3	1	4	2	5	3	4	3	3	2	4	4	
112	21.93907316811347	-102.28666975000053	5	4	2	0	4	4	0	4	3	4	2	4	4	1	5	4	0	3	4	1	
113	21.927884178204234	-102.304704597733	0	2	5	0	3	2	4	3	3	0	2	2	4	4	5	4	3	1	5	0	
114	21.924139553462823	-102.29913825797917	0	4	4	5	4	1	0	5	1	5	1	1	5	1	0	1	3	4	5	1	
115	21.925082568038654	-102.29127796220048	5	3	4	2	1	5	0	2	4	3	3	1	5	3	1	4	2	3	4	3	
116	21.941709830671993	-102.28724933674798	4	4	3	2	2	2	2	3	0	1	1	0	1	5	5	5	3	4	2	4	
117	21.92933316405339	-102.29430751388576	1	1	4	3	3	5	1	1	1	5	3	1	5	5	4	5	2	2	4	2	
118	21.919780712853903	-102.28966907101824	4	3	4	2	0	3	4	2	2	3	2	1	4	0	4	3	5	5	2	1	
119	21.92474978922741	-102.30574262162007	2	2	4	1	4	2	0	2	0	0	4	3	1	0	4	0	4	3	3	3	
120	21.929362907308114	-102.29892762939352	4	2	2	4	5	1	5	4	1	3	2	2	2	5	2	0	4	5	4	4	
121	21.941356626431688	-102.29596131979179	4	2	0	3	4	4	4	2	0	5	2	2	3	2	2	0	2	2	0	5	
122	21.926255236004792	-102.2929678492337	3	4	2	5	4	3	3	4	4	2	4	0	2	4	1	3	0	5	4	1	
123	21.937882342270395	-102.2855753352492	0	0	4	4	4	2	3	0	4	2	3	3	5	3	1	5	2	1	1	3	
124	21.922751075027314	-102.30467522927273	1	5	1	5	3	5	0	4	4	2	1	1	1	3	0	0	0	5	3	2	
125	21.927210295108036	-102.2942209473145	4	3	3	3	1	5	1	5	3	0	5	4	4	0	5	0	5	1	5	4	
126	21.933310661422755	-102.29560661010643	2	4	3	3	0	0	4	1	4	1	1	5	0	4	2	5	2	1	5	2	
127	21.924271404369115	-102.28877317143383	2	3	4	5	0	3	2	1	3	4	5	4	3	0	3	3	1	4	0	1	
128	21.94026042630755	-102.30414083454438	4	3	4	0	0	2	2	1	3	4	1	2	0	2	3	1	5	3	0	4	
129	21.848262931175316	-102.26208973644425	0	5	4	1	1	1	3	4	4	2	3	3	1	0	5	0	2	1	1	1	
130	21.85760471589594	-102.26475855204588	2	0	5	2	4	0	4	4	5	2	0	3	1	5	2	0	0	0	5	1	
131	21.85938803678299	-102.2719748507153	2	3	4	4	5	2	4	2	3	0	3	4	3	5	4	1	5	3	5	4	
132	21.85646383837184	-102.27718856090131	4	4	2	2	4	0	0	2	1	4	3	3	0	0	3	4	0	4	1	2	
133	21.85580854850176	-102.279477048209	4	4	0	5	0	2	0	1	1	3	4	2	2	3	1	0	3	1	0	4	
134	21.849379501646474	-102.2683909427339	0	0	1	1	4	3	0	5	0	5	1	5	3	0	5	1	0	2	3	4	
135	21.856524991957638	-102.26781774453576	1	3	3	4	5	0	5	0	2	2	5	2	3	5	1	1	2	4	2	2	
136	21.842207433907674	-102.27692224800968	1	4	1	5	3	2	4	3	4	3	1	4	2	4	4	5	0	4	3	0	
137	21.849174818559014	-102.26657551426989	1	2	5	3	4	4	5	5	1	1	3	3	2	3	3	0	3	4	1	4	
138	21.858941757647777	-102.27194362507328	1	0	0	1	3	3	3	2	2	5	4	0	2	2	4	0	2	5	1	2	
139	21.87737976272454	-102.28020178354956	1	3	1	3	2	3	3	1	0	2	4	2	0	0	2	3	5	5	4	0	
140	21.88406640419646	-102.26723482993567	0	4	2	5	3	0	4	4	5	5	2	2	5	5	4	0	0	4	5	4	
141	21.871741306805113	-102.28117774658348	0	2	5	5	5	4	4	1	2	5	0	4	0	1	1	1	5	1	4	2	
142	21.88036748438878	-102.27764522170192	0	5	0	5	0	2	3	5	4	5	5	5	0	0	0	4	1	0	3	0	
143	21.87479657208896	-102.27943831876752	1	2	4	4	1	3	4	0	3	4	5	0	4	2	4	5	1	2	3	5	
144	21.88135291183056	-102.26543621133463	4	3	4	0	2	5	0	1	5	3	3	4	5	2	3	5	1	4	3	1	
145	21.866355319048903	-102.27907239745774	2	1	1	2	2	3	2	4	3	1	2	2	1	1	2	2	1	1	0	3	
146	21.889002165486687	-102.2821028643588	0	3	4	0	0	3	1	5	5	3	4	2	2	4	1	1	0	1	4	0	
147	21.877968780047233	-102.28056586471926	4	4	5	3	1	1	2	0	2	3	2	0	5	3	2	2	0	2	3	3	
148	21.884266935297543	-102.26598942139961	0	1	0	1	1	1	2	5	0	5	3	3	5	5	2	5	3	0	3	5	
149	21.87380209258196	-102.27663921316656	4	3	2	2	2	1	5	3	2	0	1	4	0	4	2	1	2	2	0	4	
150	21.878364792104826	-102.26946325891505	0	2	1	0	0	1	3	0	2	4	5	5	2	3	1	1	1	3	4	5	
151	21.88835103612681	-102.28076147256158	4	3	3	2	4	0	3	2	3	5	5	4	4	4	3	5	1	4	3	1	
152	21.8879565096284	-102.27698235048311	5	4	5	4	5	0	2	1	0	1	0	0	4	3	5	2	1	4	0	0	
153	21.87002432629215	-102.28076017505884	1	5	2	2	1	2	4	1	1	0	2	1	3	1	3	2	1	0	2	4	
154	21.88890954313553	-102.28150480717946	4	4	4	4	2	5	5	2	1	5	4	0	4	4	1	2	2	5	3	0	
155	21.880783112620513	-102.26940642694215	0	0	3	1	4	4	3	2	0	4	1	0	3	0	2	4	5	5	2	4	
156	21.88621525543205	-102.28193161046045	5	4	5	5	0	1	3	5	5	5	1	3	0	0	0	5	4	4	4	0	
157	21.871675958169167	-102.27976500633332	0	0	2	5	3	3	1	1	5	3	3	2	5	4	1	4	5	3	2	5	
158	21.874045452548998	-102.27698418137288	3	1	2	5	1	2	5	2	0	1	1	2	2	3	4	1	0	4	2	5	
159	21.869768120727645	-102.27111198568022	5	0	5	2	1	4	5	5	1	1	4	4	2	1	3	1	1	3	0	3	
160	21.87788748048594	-102.26350371733227	1	4	5	5	1	5	4	5	3	4	4	4	1	0	0	5	1	5	0	2	
161	21.870977545614767	-102.28356111755893	0	4	0	2	2	1	5	4	5	0	3	3	1	3	3	3	4	3	1	0	
162	21.886668485585183	-102.26730965976901	5	2	3	5	5	1	0	3	0	2	5	3	0	0	3	2	4	4	2	1	
163	21.873243083214362	-102.2654539085279	3	2	1	3	3	5	0	0	4	4	0	1	0	2	5	0	0	3	5	2	
164	21.88799460263417	-102.27082743608625	0	1	3	3	1	0	0	2	4	5	1	4	5	3	1	3	0	0	2	4	
165	21.88204338605032	-102.2815318178526	5	5	5	3	1	4	5	4	5	3	2	1	1	3	0	5	4	5	4	2	
166	21.867214297954458	-102.2795488156478	0	2	0	0	5	2	2	4	3	1	3	3	0	5	3	2	4	3	2	1	
167	21.880807676030784	-102.2797472916155	0	0	1	3	2	0	2	5	0	4	1	4	0	3	2	4	4	1	2	2	
168	21.886250509587324	-102.26388780198852	4	4	4	5	0	5	4	5	3	5	1	5	4	3	3	0	4	0	5	1	
169	21.88183308228986	-102.26807627870554	4	5	1	0	0	5	0	2	5	1	5	0	3	5	4	4	1	5	5	1	
170	21.88477408684565	-102.28141506311174	4	3	3	2	3	1	4	5	2	3	0	4	0	0	0	2	0	1	5	4	
171	21.90637511741939	-102.28115345493691	1	4	4	1	5	2	2	0	1	0	2	2	0	2	3	1	5	5	4	5	
172	21.893828696548063	-102.2641701350943	5	2	5	1	4	1	2	4	4	3	3	4	3	0	4	2	0	0	2	1	
173	21.91664091379985	-102.28186035764803	5	2	5	5	5	3	1	1	0	5	4	3	2	0	4	4	4	3	4	0	
174	21.907354082635702	-102.26698976468569	2	4	2	2	4	2	5	4	2	2	4	0	2	2	4	0	1	5	0	0	
175	21.90344550804221	-102.27312879340548	2	1	5	0	4	0	0	3	4	4	3	4	4	4	3	1	0	0	1	5	
176	21.905778753826755	-102.27636718540961	5	1	5	0	1	1	5	4	2	5	5	1	1	5	5	0	2	2	5	1	
177	21.8951208021731	-102.26599609612609	0	4	3	3	3	5	2	3	4	2	0	3	5	2	4	2	2	5	0	4	
178	21.898261139900935	-102.28373986897675	3	0	0	3	2	3	4	4	2	3	3	5	3	3	3	1	4	1	1	1	
179	21.90426546008733	-102.26873705769867	0	4	5	3	3	3	5	5	4	0	1	3	2	0	2	2	2	3	3	3	
180	21.914293542966963	-102.26170787803784	1	4	3	3	1	0	0	5	2	4	0	1	3	3	2	2	3	3	5	2	
181	21.909162331593926	-102.2646982561256	1	0	2	1	4	0	4	1	1	1	0	5	1	3	5	4	1	4	4	3	
182	21.89211143820663	-102.27259682410194	0	1	1	0	0	2	3	2	4	0	2	0	4	3	2	1	2	5	0	3	
183	21.896659497369317	-102.27747538281429	0	0	3	0	4	3	4	4	3	5	5	3	3	4	3	1	2	2	4	2	
184	21.893585215165434	-102.28389076237065	4	2	0	3	5	1	2	5	2	1	0	3	4	4	5	1	4	4	4	4	
185	21.89189861691757	-102.27220113801562	1	2	4	5	5	1	0	0	1	5	4	5	1	2	2	3	4	2	0	3	
186	21.908132377007398	-102.2799431329667	3	3	5	5	3	0	0	4	2	5	4	0	4	0	5	0	5	4	1	3	
187	21.90944812156888	-102.26472069792074	5	0	3	0	1	2	3	3	5	4	5	0	2	0	2	4	5	4	1	1	
188	21.909894516935047	-102.2775300041847	0	2	3	1	3	2	1	3	5	0	2	5	5	1	4	0	2	2	4	1	
189	21.905722429867474	-102.26465229400664	2	3	2	3	5	3	1	0	5	2	5	5	3	0	5	5	1	1	3	5	
190	21.896150450749015	-102.27294583548024	2	0	2	1	3	1	0	4	4	3	4	0	5	2	0	2	4	3	3	5	
191	21.922460615857442	-102.2712448663764	1	3	3	4	2	1	1	5	2	2	0	2	5	4	0	1	0	2	4	1	
192	21.931259218674896	-102.28181316228923	1	3	1	5	5	0	5	3	0	2	3	3	5	0	3	4	5	0	1	1	
193	21.924245023003657	-102.28319388214793	0	4	1	4	5	1	1	4	2	3	4	5	1	0	5	1	3	4	2	1	
194	21.941859256198356	-102.26314530274473	5	5	2	4	3	4	0	0	0	5	1	4	0	3	2	0	1	5	3	2	
195	21.921937648231943	-102.26222087416464	5	5	2	1	3	4	4	4	4	2	1	5	1	2	3	0	1	5	0	0	
196	21.920899654592343	-102.27509172450864	0	4	0	4	4	2	3	3	0	5	1	1	1	1	5	4	2	1	0	2	
197	21.931966860745668	-102.27267192441103	4	3	5	2	2	3	3	4	2	2	0	2	3	4	0	2	3	1	0	4	
198	21.93403844755523	-102.26873910874683	5	0	2	4	1	5	2	2	1	5	2	1	1	2	3	3	4	3	2	5	
199	21.919515950698546	-102.27798994065795	3	3	3	0	3	2	4	3	1	5	3	4	3	5	1	5	0	0	4	1	
200	21.942050322529493	-102.2644418112496	4	2	2	5	5	3	5	1	4	1	0	1	5	0	5	1	3	2	0	3	
201	21.941154902019306	-102.26306034760961	2	1	2	0	5	0	4	0	3	3	0	4	2	0	0	2	3	4	5	4	
202	21.938034587157723	-102.2742211846697	4	2	5	2	3	2	5	5	1	3	4	5	1	5	0	1	0	2	5	5	
203	21.936894221879868	-102.26849956304137	5	2	5	0	1	5	4	4	1	2	0	5	1	1	0	5	3	4	5	0	
204	21.92550438600121	-102.27926973743955	0	5	4	3	0	0	0	5	1	5	1	3	2	2	0	2	4	2	1	3	
205	21.929567621696496	-102.26286387290043	5	3	1	0	3	2	0	4	1	0	2	1	2	0	1	2	3	3	4	5	
206	21.939463582212795	-102.26378650267448	1	1	4	3	2	3	3	4	3	5	0	1	1	0	2	4	5	3	1	3	
207	21.938457260770473	-102.26202538649054	3	1	0	1	2	4	3	2	2	1	4	5	4	5	3	3	2	4	4	0	
208	21.929310440239515	-102.28324750170452	0	4	1	1	5	5	3	0	4	1	3	2	4	4	4	4	0	2	5	5	
209	21.941881051631313	-102.27338918458655	4	1	2	5	1	1	5	0	5	5	0	5	1	3	5	1	4	4	0	5	
210	21.92274286105392	-102.26318467271285	2	5	2	0	3	0	4	4	0	0	1	2	2	5	1	0	4	0	4	1	
211	21.939649747343413	-102.26303353151562	0	2	5	3	4	4	0	3	0	4	4	3	0	5	0	3	3	4	4	4	
212	21.94022984220234	-102.27252313497742	2	2	0	0	2	2	4	3	4	4	5	2	1	4	4	5	2	3	3	4	
213	21.94195286737052	-102.26500339342108	5	3	3	0	3	2	3	4	4	5	1	5	5	4	1	4	2	0	2	4	
214	21.920221849443617	-102.2663166345819	3	2	0	1	4	0	0	5	2	3	3	0	1	3	4	0	5	5	2	2	
215	21.93223359065704	-102.2747205187683	0	4	2	1	1	2	0	2	0	4	2	1	1	3	3	4	3	0	0	4	
216	21.924411669295537	-102.2650626285322	3	5	0	2	2	3	0	5	2	2	2	3	4	0	4	5	1	2	1	2	
217	21.938899037936107	-102.26995257582519	2	0	1	3	2	5	3	5	5	0	2	5	0	3	2	2	0	3	1	4	
218	21.92825865085615	-102.27134089009243	0	5	2	4	3	2	0	2	0	2	5	4	4	5	3	3	0	0	4	2	
219	21.938470775334974	-102.27058611836696	1	4	1	3	3	1	1	2	5	0	5	1	3	0	3	2	3	0	2	5	
220	21.92416122639586	-102.27306596070468	3	1	4	0	2	5	3	0	1	1	1	1	4	3	2	0	4	2	0	5	
221	21.938013678365273	-102.26237609106428	1	1	2	1	1	3	1	0	3	5	3	3	5	1	4	1	5	3	4	0	
222	21.933900114731696	-102.26609807154706	1	2	2	0	0	4	0	5	0	3	5	2	4	3	5	3	5	2	2	2	
223	21.93273194932914	-102.27117714261517	4	5	5	3	4	3	5	1	2	3	1	1	0	0	2	4	5	4	0	4	
224	21.92129893430516	-102.27252079918583	0	2	0	2	1	2	3	0	4	0	3	1	2	5	0	3	4	0	0	4	
225	21.918939080788824	-102.26966464163128	5	3	4	0	1	3	3	4	3	1	1	4	2	3	1	0	0	5	2	3	
226	21.937700997326807	-102.26762131254556	4	0	5	0	2	5	0	1	0	4	1	5	4	4	4	3	0	5	3	3	
227	21.940840956252725	-102.26480718939575	1	1	4	5	0	1	3	0	1	5	4	0	3	5	2	5	2	3	1	0	
228	21.94042956787395	-102.28011000227602	0	2	4	2	3	5	4	3	2	5	1	5	5	3	4	2	3	1	5	0	
229	21.92742257986093	-102.27257120660045	0	3	1	1	4	2	2	5	5	0	2	2	0	0	4	4	1	0	2	4	
230	21.934965761065058	-102.26317710028388	5	4	1	2	0	1	0	0	3	4	4	5	3	0	3	5	4	5	2	2	
231	21.94135639634123	-102.28125293253066	1	0	1	5	5	4	3	5	2	2	4	0	3	0	0	4	3	0	0	2	
232	21.918086323052815	-102.26261441678622	1	3	2	1	1	4	3	0	1	5	1	3	4	1	1	1	5	4	4	2	
233	21.928734030145705	-102.27553056728485	5	4	2	2	1	1	3	1	1	1	5	3	3	0	5	2	0	4	2	1	
234	21.917643547662674	-102.27463772987232	5	1	4	2	1	2	5	2	3	3	4	3	2	5	4	5	5	4	0	5	
235	21.925958845754025	-102.26992554611675	3	3	1	2	3	5	0	3	2	0	5	3	2	1	3	3	2	1	0	0	
236	21.934805818286247	-102.27559241459471	2	0	5	2	4	2	2	3	0	1	3	4	0	5	0	0	2	0	1	4	
237	21.933520820630694	-102.27147558624503	0	4	1	4	5	3	4	2	3	5	5	4	1	5	0	1	4	2	1	1	
238	21.924765695840218	-102.28267176392256	5	3	2	4	2	1	5	5	3	0	1	1	4	1	0	1	1	0	2	1	
239	21.92986010859659	-102.28052026611662	0	5	5	0	2	3	1	0	2	1	1	0	2	3	1	5	4	0	2	0	
240	21.943032189341913	-102.27894164261548	1	2	5	1	0	4	5	1	2	1	1	1	5	5	3	5	3	3	5	1	
241	21.938557829245884	-102.27166480543058	4	2	5	0	5	3	3	5	5	3	0	4	4	5	4	1	2	0	0	3	
242	21.931181432536462	-102.27783634358994	5	2	5	0	3	0	1	2	1	0	3	3	3	1	3	2	4	3	1	1	
243	21.928906989707773	-102.27924345696955	1	3	2	4	2	2	1	0	1	1	4	1	1	2	0	1	5	4	2	1	
244	21.928437545619477	-102.28045583931399	5	0	3	4	3	1	2	4	4	5	5	5	5	3	3	1	5	3	1	1	
245	21.93390404104611	-102.27174757539795	1	1	1	5	3	3	4	5	0	1	1	5	5	1	4	4	1	0	3	1	
246	21.942781416900782	-102.27353247581625	5	0	0	2	1	5	1	3	2	1	0	0	4	1	0	2	3	0	2	0	
247	21.924522586557156	-102.28319681693138	1	0	4	4	3	3	0	5	3	0	5	4	0	3	0	5	1	3	1	2	
248	21.91836516487457	-102.27548191946181	2	0	5	3	2	3	2	4	4	4	2	1	2	5	3	1	3	2	1	2	
249	21.925139519470886	-102.26351886423623	2	0	3	3	0	4	1	4	0	3	1	3	2	3	3	2	5	2	1	0	
250	21.94040103603054	-102.26618735655923	3	0	3	3	0	5	0	3	4	2	3	0	1	5	1	5	5	3	1	5	
251	21.93937120944029	-102.27091526436679	1	4	0	0	1	5	0	2	5	4	3	3	4	0	3	3	0	2	1	0	
252	21.92093639699948	-102.26327572934038	0	4	5	5	2	2	0	0	5	2	4	1	2	3	2	4	3	2	0	5	
253	21.931939315496308	-102.27481450060951	5	2	4	0	5	3	0	5	4	4	1	4	1	4	3	3	0	5	2	3	
254	21.91791290496387	-102.27841330387889	4	5	5	2	3	5	5	5	3	0	4	0	2	2	0	5	3	0	3	4	
255	21.92656803685646	-102.26642576074643	4	4	3	4	2	1	0	2	5	4	2	3	1	5	2	3	3	0	0	1	
256	21.91788610765636	-102.27182228279761	4	4	1	5	4	3	5	1	1	2	2	1	1	0	0	4	0	1	3	3	
257	21.922241033068136	-102.26508896944604	1	2	0	3	1	3	3	3	0	0	5	4	5	1	4	4	0	4	2	4	
258	21.935493549875027	-102.27239768410959	2	1	3	0	4	5	5	2	4	3	2	5	0	2	5	3	2	3	2	3	
259	21.93812688141601	-102.27763887039418	1	5	5	5	0	3	3	2	5	1	5	4	3	3	5	0	0	0	4	1	
260	21.93914332427196	-102.28338737836641	1	0	3	0	0	5	5	4	0	3	1	1	1	4	2	3	5	0	1	2	
261	21.927770237791588	-102.27379541132679	5	2	5	1	3	2	0	0	1	2	2	4	3	2	3	1	3	4	5	0	
262	21.936272046696338	-102.27609922095449	2	5	0	2	4	0	0	5	0	4	4	2	5	2	4	4	5	4	5	2	
263	21.94199632495899	-102.2675633800221	2	4	5	0	0	5	5	0	1	4	1	1	4	5	0	2	4	5	4	5	
264	21.927415902803386	-102.2634302974966	2	4	4	2	4	4	5	1	3	4	2	3	4	3	3	1	3	2	2	3	
265	21.918894939963113	-102.28308143361055	3	4	4	4	2	2	3	1	3	5	4	1	1	4	3	1	1	1	3	1	
266	21.94082106599701	-102.28396808987524	2	2	1	0	5	0	3	3	3	0	2	2	5	0	5	4	3	3	0	0	
267	21.92679539999636	-102.28022695058603	3	3	1	0	3	4	5	3	3	3	1	4	1	2	3	5	4	5	4	0	
268	21.92957279300833	-102.26833466646568	0	5	3	2	0	4	5	5	3	2	0	2	0	0	2	3	2	2	1	1	
269	21.92784244059366	-102.27226403624694	2	3	3	1	2	1	1	4	2	0	2	0	5	5	1	2	5	0	1	3	
270	21.941750862765332	-102.28359828440139	0	0	0	5	3	5	3	4	5	2	0	1	1	5	1	1	3	0	5	3	
271	21.857439777306293	-102.24229712894295	2	3	4	1	0	3	1	4	5	4	3	2	1	3	2	4	0	1	2	0	
272	21.852094139036637	-102.25419560572739	2	2	4	5	1	5	1	1	3	0	2	2	0	1	2	4	4	1	0	0	
273	21.86449176343579	-102.24721149294813	4	0	4	4	1	4	4	4	1	3	0	0	0	1	2	1	1	3	4	1	
274	21.861282948056463	-102.25086473073047	1	2	0	3	2	5	3	0	2	1	1	3	1	2	3	4	4	0	5	1	
275	21.864945511656558	-102.26044177748442	2	4	5	5	1	1	2	3	2	4	4	3	3	3	5	3	0	3	3	3	
276	21.857219001354633	-102.2461174556722	1	4	1	0	4	5	3	3	2	4	4	4	4	2	3	4	4	2	0	3	
277	21.853248967764525	-102.24017106126317	2	2	1	1	4	0	4	0	5	2	2	2	2	2	0	5	2	2	5	0	
278	21.854733092545583	-102.25325336167276	3	1	5	1	5	3	2	1	1	4	3	4	4	1	4	1	4	1	1	3	
279	21.85169646347723	-102.23990431556847	1	1	0	4	1	5	3	3	2	5	1	5	4	2	3	4	3	4	1	0	
280	21.859808795502488	-102.24518313303618	4	1	3	3	2	5	2	1	1	4	4	0	4	1	3	4	1	0	5	1	
281	21.845514729328226	-102.24947386247618	4	2	3	4	0	0	3	4	5	3	4	0	5	3	3	5	5	1	1	3	
282	21.860568605625133	-102.24886364405712	3	0	1	0	5	0	1	2	2	3	2	3	0	2	3	1	1	0	4	5	
283	21.84835513632212	-102.25688971134605	2	4	2	0	2	5	1	3	2	5	3	0	3	0	5	1	1	1	2	0	
284	21.854980899889334	-102.25685655992632	2	0	1	2	3	3	2	0	3	0	3	1	5	4	4	3	3	0	4	1	
285	21.860377678484895	-102.25322292823893	4	5	5	5	4	5	4	0	5	0	1	3	0	2	0	2	3	0	3	3	
286	21.861822745885334	-102.24936495445904	3	3	1	1	3	2	5	1	0	1	5	3	0	5	2	3	0	4	2	3	
287	21.862419518054843	-102.26109891913853	4	3	1	5	0	1	3	5	0	4	0	1	5	0	1	3	3	0	2	1	
288	21.86174732768939	-102.24046487022925	5	0	5	0	2	4	0	4	5	1	3	3	5	0	1	3	4	2	4	0	
289	21.84103690502941	-102.24107635333833	4	2	3	1	0	3	5	0	2	4	0	2	0	0	3	5	3	1	5	1	
290	21.85648790524883	-102.24262759206468	2	5	0	1	1	5	5	3	1	5	1	0	3	1	2	2	5	4	0	4	
291	21.890107077915495	-102.24349463954523	2	4	4	4	3	0	4	3	0	0	4	0	0	0	1	4	3	4	1	1	
292	21.882880293793857	-102.25150077863323	0	0	0	5	1	3	3	3	1	1	0	2	1	5	1	3	4	2	4	2	
293	21.869703591300706	-102.24156065225063	5	5	5	1	5	4	0	4	1	3	3	1	1	2	4	3	3	0	5	5	
294	21.887185994799946	-102.2474208141689	5	2	0	1	0	0	4	5	4	2	3	2	0	0	0	0	1	1	1	3	
295	21.885184969473396	-102.25857184280615	2	4	0	3	4	4	2	1	3	0	2	0	3	1	5	2	2	2	1	1	
296	21.878702513919688	-102.25377613873478	5	1	1	5	2	3	1	3	0	1	2	5	4	3	2	2	3	1	1	0	
297	21.889969461964643	-102.25617250240037	0	0	2	1	3	0	3	0	0	1	4	4	0	1	5	1	0	0	4	5	
298	21.874097415523725	-102.2591983019341	3	5	4	2	2	0	4	2	5	4	3	3	1	5	3	1	2	1	2	4	
299	21.87419256224052	-102.23915140507061	2	4	5	2	1	2	3	4	4	2	2	0	0	5	3	1	3	3	2	5	
300	21.884039194187846	-102.25035138046013	4	1	4	3	5	2	1	0	3	2	3	5	4	3	5	2	5	4	4	3	
301	21.86650161833049	-102.25254625100833	1	2	0	5	2	1	1	0	4	5	5	1	1	0	0	1	4	3	4	1	
302	21.87534179529809	-102.2612468243711	3	5	1	3	3	3	4	5	4	3	2	4	4	2	2	3	1	2	4	2	
303	21.87771777165046	-102.24159762657553	4	2	0	2	0	4	5	3	0	4	5	2	3	5	2	0	5	1	1	0	
304	21.8718027427253	-102.24134049701637	0	0	2	4	0	1	0	3	5	3	0	5	3	4	1	3	5	5	4	3	
305	21.87706170258887	-102.25912368748962	1	2	5	4	4	3	1	5	2	4	1	0	0	2	1	2	5	3	3	4	
306	21.882497479123444	-102.25801976728485	0	4	1	5	3	0	1	4	2	5	0	4	0	2	4	2	3	1	1	5	
307	21.882940391454994	-102.2502858210372	0	0	1	2	0	2	5	4	5	0	2	0	3	3	0	3	2	3	5	4	
308	21.8756512792265	-102.25767740306027	5	0	3	3	2	2	0	0	5	1	0	1	4	0	1	0	1	5	5	1	
309	21.90951105510937	-102.24368003406892	2	1	4	3	2	0	5	4	1	4	3	1	3	5	0	0	0	5	4	5	
310	21.904790695973514	-102.24040815709195	1	5	4	1	4	0	5	4	4	4	4	4	4	2	0	2	1	4	3	0	
311	21.896158425189178	-102.2466239110826	2	5	1	0	3	0	2	4	3	3	5	4	0	3	5	2	1	0	1	3	
312	21.911870076794568	-102.26026762371569	4	5	0	1	0	2	2	2	3	3	4	3	2	5	2	3	4	2	5	4	
313	21.904138170806487	-102.25422617936147	4	1	5	4	1	2	2	0	2	4	0	1	3	4	3	2	3	1	5	4	
314	21.911166598070494	-102.25408046900755	1	2	2	5	1	3	4	0	3	4	2	4	4	0	4	0	5	1	4	5	
315	21.91544758316684	-102.2524505508422	4	3	5	2	1	0	1	5	0	3	5	4	1	4	0	3	2	4	4	5	
316	21.91306183509675	-102.24302823150487	2	0	3	5	4	4	4	0	0	0	0	0	5	0	2	0	5	4	2	1	
317	21.893815016362087	-102.24703778117203	3	3	1	1	4	4	3	0	0	0	1	5	3	4	1	1	4	5	4	2	
318	21.90443812683199	-102.25243425771777	2	3	0	5	1	0	3	0	4	5	2	5	0	0	3	0	2	3	4	3	
319	21.916817545600903	-102.24717199455698	5	5	5	2	0	2	5	2	0	5	5	2	2	2	4	0	0	5	0	2	
320	21.894049032570834	-102.26040502876458	4	2	0	5	3	0	4	2	3	0	2	2	1	3	1	0	0	2	3	0	
321	21.899062064897123	-102.25139295254654	2	1	2	4	4	5	4	3	4	1	4	4	5	4	3	2	4	1	1	5	
322	21.90505499405109	-102.24812416420198	0	4	5	1	5	0	0	2	3	3	2	4	3	2	0	3	2	5	3	4	
323	21.898427639245856	-102.24135486715087	4	1	1	4	5	3	3	4	2	1	0	3	4	4	4	0	1	2	4	4	
324	21.90646983162392	-102.25450876649143	0	4	4	5	0	3	1	2	0	5	3	1	3	1	2	5	2	0	4	0	
325	21.906280949538722	-102.24067772870356	1	3	2	0	3	0	2	2	2	1	3	5	0	2	2	5	1	5	3	0	
326	21.91347890111685	-102.25249337867247	0	2	2	4	2	5	1	3	0	0	3	0	2	4	3	0	1	3	5	4	
327	21.90979611308428	-102.24420681786674	1	4	2	0	3	1	2	2	3	4	0	5	2	0	4	2	1	3	2	3	
328	21.913490670131484	-102.25211894525349	4	5	2	2	5	5	1	0	1	3	4	2	3	2	0	3	5	5	5	2	
329	21.91462451951296	-102.25677409981652	5	5	0	4	4	1	5	5	0	4	1	1	1	4	4	3	2	2	0	4	
330	21.90998561427652	-102.2466740977114	5	3	2	4	1	0	1	4	3	0	3	4	2	2	5	0	5	3	3	3	
331	21.91538118421972	-102.23980237273923	1	5	3	4	4	1	2	1	2	4	5	3	3	2	5	2	5	2	5	1	
332	21.910480892112453	-102.24152720720252	1	4	4	2	5	5	1	0	2	0	3	2	0	2	2	4	0	0	1	3	
333	21.912009894407728	-102.25950013397126	0	2	3	1	1	1	5	4	0	0	1	1	5	1	4	1	3	4	3	4	
334	21.89192904783157	-102.24145993157659	4	3	0	5	3	2	4	3	0	5	5	3	4	2	0	5	3	3	5	1	
335	21.89504568865379	-102.26060131576536	5	0	1	5	2	5	4	3	5	4	0	5	3	5	4	4	2	0	0	3	
336	21.90550888249575	-102.24123906011431	3	4	0	4	0	4	2	2	4	5	4	2	0	3	4	5	2	4	5	0	
337	21.902064049926828	-102.25113090891095	0	0	2	0	2	4	0	4	2	1	3	1	2	3	3	2	3	3	4	1	
338	21.906477788826322	-102.2455592989168	0	3	0	5	5	1	5	3	1	3	2	3	0	2	2	5	4	1	2	0	
339	21.90193762371568	-102.25598189000982	3	0	5	0	2	5	5	4	4	3	1	0	2	1	0	2	3	3	2	1	
340	21.895812991317637	-102.24615162193906	1	2	3	1	0	2	3	0	2	0	4	4	5	4	4	1	5	1	3	2	
341	21.92952947792597	-102.24629945538183	4	2	0	5	2	5	1	3	0	0	4	2	2	4	1	4	3	1	2	4	
342	21.91799313924059	-102.25640041274046	1	2	2	0	2	5	2	5	0	1	0	5	4	0	3	5	1	1	5	0	
343	21.92471789526472	-102.25049771350831	0	3	5	3	5	3	3	0	3	0	1	3	1	2	2	0	4	4	5	4	
344	21.92547031789067	-102.24818268061432	0	4	3	2	1	5	2	2	5	1	3	4	3	2	2	4	3	4	4	2	
345	21.935606692781537	-102.26133182017722	2	2	3	4	1	1	0	0	3	2	4	3	4	0	0	3	5	3	4	2	
346	21.930323943521138	-102.25505362004097	1	5	0	0	1	3	5	4	3	5	5	3	4	1	0	2	1	4	2	4	
347	21.919455843763423	-102.25745741541601	2	3	2	5	1	2	2	4	5	5	1	0	1	4	2	5	1	4	1	2	
348	21.919750596762817	-102.24367504420093	3	5	0	2	1	2	2	5	2	2	2	3	2	5	0	2	2	0	2	0	
349	21.937626677815373	-102.2505129641228	5	1	2	1	4	4	0	3	0	1	1	5	1	0	0	0	0	1	1	4	
350	21.940015443445397	-102.247163033715	3	1	3	1	0	0	0	5	1	3	0	0	3	4	0	1	3	2	1	1	
351	21.92324940345807	-102.24432474620437	5	5	5	2	2	0	2	2	2	4	0	3	3	1	3	5	3	2	5	5	
352	21.932647167263344	-102.25052403575515	0	3	4	3	5	3	3	0	2	1	5	4	4	5	1	5	2	4	2	5	
353	21.92775244533227	-102.25847028036125	2	1	0	2	3	3	3	1	5	2	2	2	2	4	1	5	0	3	5	4	
354	21.93975948426481	-102.25580879200456	0	4	3	1	3	2	0	5	1	3	4	4	2	4	1	1	0	0	2	1	
355	21.920510559472387	-102.24014475493465	0	3	1	3	2	2	1	4	2	5	3	5	5	0	4	2	5	0	3	1	
356	21.924897131369864	-102.2559275879611	3	2	5	2	5	1	2	0	1	4	3	5	1	0	4	2	1	5	3	2	
357	21.939264076992064	-102.24374585838092	3	1	0	3	5	1	3	5	4	3	5	2	4	0	2	3	2	4	5	0	
358	21.91898338353345	-102.2446760649132	2	5	1	5	5	5	2	4	4	2	2	4	1	5	3	1	3	3	0	4	
359	21.94062472905205	-102.25656125708976	4	1	2	1	0	2	2	5	1	1	4	3	2	3	1	5	4	3	5	3	
360	21.918963969238433	-102.25550551872318	3	4	5	0	4	1	2	2	5	0	3	1	1	4	0	1	3	1	1	4	
361	21.930423956812344	-102.25377394519363	3	5	0	1	5	3	5	2	1	5	2	2	3	5	1	1	1	5	2	2	
362	21.9292390108904	-102.24050188194732	0	5	3	2	2	1	0	0	4	0	1	3	2	3	5	2	3	5	3	5	
363	21.939878553102016	-102.25636432578158	2	5	1	4	0	1	3	4	1	5	1	3	3	5	4	3	1	4	4	0	
364	21.930593773860583	-102.24717716401614	5	3	5	0	2	0	0	5	2	2	3	3	1	5	0	4	4	4	5	4	
365	21.92742048007777	-102.24050477403745	5	4	3	4	0	3	5	2	2	2	4	2	0	0	0	4	0	3	3	4	
366	21.93220611469174	-102.25957021117208	1	1	0	1	0	3	1	3	0	2	5	4	1	1	3	5	2	0	4	0	
367	21.92434231539364	-102.23965669930601	5	1	0	0	4	4	1	4	2	0	1	1	4	0	0	5	5	1	0	1	
368	21.92660409069079	-102.25333522600924	0	0	2	4	1	0	0	4	5	0	0	0	1	2	5	4	1	2	5	1	
369	21.93809956356334	-102.24866489273448	0	0	2	1	3	2	0	4	2	5	5	2	1	4	5	0	1	2	0	0	
370	21.932376650519327	-102.25885715874409	5	2	0	0	4	1	2	2	0	3	5	0	1	3	2	5	2	5	3	5	
371	21.933997219264402	-102.26002033103155	0	0	1	3	5	4	5	1	5	2	4	1	5	1	4	3	4	4	4	4	
372	21.932794377667296	-102.2588575729416	0	2	0	2	4	4	5	2	3	5	3	5	5	5	3	4	3	2	1	4	
373	21.940180698909014	-102.25696093190945	3	0	4	1	3	3	2	2	1	3	5	3	1	0	1	5	0	0	2	5	
374	21.919134883584665	-102.25501524829261	3	2	0	2	3	5	3	1	4	5	3	3	5	1	2	1	0	2	4	4	
375	21.918336913127455	-102.25277809353	0	2	0	2	2	4	2	4	3	1	4	2	1	3	3	4	2	3	3	2	
376	21.92965325525092	-102.24053950870747	3	0	5	2	3	0	5	2	5	5	1	1	5	3	4	3	1	2	3	2	
377	21.92385652051619	-102.23933945990927	0	4	2	5	3	1	4	1	3	4	2	3	4	1	4	0	1	2	5	5	
378	21.932097729100427	-102.26071044750543	0	1	4	2	2	0	5	0	2	1	5	5	0	1	3	5	3	4	1	4	
379	21.94189268638457	-102.26043410681564	4	1	2	5	1	5	3	1	1	4	1	3	0	5	1	1	0	1	0	5	
380	21.930591048745935	-102.25536756504361	5	5	0	5	2	2	2	0	5	4	2	0	2	3	1	0	5	0	2	3	
381	21.93593716852134	-102.24764884470123	2	2	2	1	3	0	1	2	4	3	2	4	3	0	5	4	0	1	2	1	
382	21.931093730033833	-102.24829386177183	0	0	2	0	4	2	5	5	1	1	4	3	3	5	2	3	5	1	4	5	
383	21.928276588477694	-102.25520448003574	4	2	1	0	2	5	5	3	3	0	2	0	4	5	5	2	4	2	4	5	
384	21.926193956321555	-102.25685243355086	0	0	1	4	0	2	0	2	0	2	1	1	0	5	4	5	5	5	5	5	
385	21.926670767806065	-102.259920507197	2	5	5	1	4	1	2	1	0	2	5	0	2	3	5	1	3	0	2	0	
386	21.92809720130807	-102.24603417299346	5	5	2	2	5	5	5	1	0	5	3	3	1	2	0	1	0	0	1	2	
387	21.931969254533303	-102.24192349334098	5	5	3	5	4	4	0	0	2	3	0	2	1	3	1	3	1	3	3	3	
388	21.93324717937551	-102.24198493032722	4	2	4	4	2	0	4	5	2	0	1	5	3	5	1	3	1	5	0	4	
389	21.935283628809675	-102.26111297108875	4	0	2	3	4	0	2	2	4	3	3	4	5	4	0	2	5	4	0	2	
390	21.9251994070526	-102.25147833265969	2	2	3	2	4	0	4	3	0	2	5	0	0	0	0	4	4	3	2	1	
391	21.937440229576104	-102.24426086137991	2	5	1	5	1	0	3	3	2	2	1	4	0	4	5	1	1	0	4	1	
392	21.92330145211633	-102.24013919741927	2	5	3	0	5	5	0	3	2	0	1	2	1	2	5	2	1	3	2	5	
393	21.92954959922908	-102.25145549820834	3	3	2	4	3	5	0	5	4	1	1	1	2	4	0	5	5	3	3	2	
394	21.93107156152277	-102.24892081932434	3	2	3	3	3	5	5	4	3	3	2	5	0	0	5	5	3	1	2	3	
395	21.920831156196535	-102.24708961018867	1	3	5	3	5	5	5	0	3	2	2	2	0	4	1	4	1	5	0	4	
396	21.92335437407561	-102.25269121930184	2	4	5	3	2	2	0	4	1	4	0	5	1	0	3	1	1	4	1	0	
397	21.922014783011942	-102.24116152607884	2	2	3	5	5	0	4	3	4	1	3	2	4	0	1	5	2	4	1	1	
398	21.93417272215987	-102.24272955808448	4	1	4	5	4	0	3	1	1	5	0	2	5	1	5	5	3	4	5	0	
399	21.93837639052229	-102.24305697618398	5	4	1	3	1	3	3	3	3	3	5	3	1	3	4	3	4	1	1	5	
400	21.924763101105757	-102.25198693053036	1	3	2	1	5	3	1	4	0	0	4	0	1	3	2	1	1	0	5	4	
