ID 	 X_COORD		 Y_COORD		 F1	F2	F3	F4	F5	F6	F7	F8	F9	F10	F11	F12	F13	F14	F15	F16	F17	F18	F19	F20	
1	21.851559772701656	-102.32477731587899	5	0	5	3	3	0	3	0	2	4	5	3	2	0	2	4	1	2	3	5	
2	21.874611321332402	-102.31808908728297	3	1	0	4	4	5	3	1	3	4	0	5	1	5	1	2	2	1	4	1	
3	21.869763915170594	-102.31256005081129	2	1	4	4	2	3	0	3	1	4	1	1	1	1	2	2	2	4	4	5	
4	21.88056765906392	-102.30805023522417	2	1	4	5	1	0	0	5	5	5	1	4	2	4	4	4	3	2	4	3	
5	21.893014182126272	-102.325225193261	3	2	1	2	3	4	1	4	5	2	0	4	2	1	4	2	3	5	2	4	
6	21.93237418347194	-102.32258599121344	4	4	4	5	0	3	5	4	4	4	1	1	1	3	4	4	1	0	3	1	
7	21.94233288373084	-102.30674337988465	0	0	3	1	5	3	1	0	1	0	1	1	3	2	0	2	1	0	0	3	
8	21.92336136242196	-102.32220081027045	2	3	5	4	1	4	5	4	2	0	4	4	5	3	1	3	2	4	2	1	
9	21.93134828635966	-102.32733700143679	3	1	2	1	2	4	3	5	1	0	3	3	0	1	3	3	0	1	0	0	
10	21.926115442899334	-102.30940562284657	4	3	3	3	4	2	3	3	4	0	4	2	3	1	1	5	5	3	5	2	
11	21.929488030474495	-102.31306550401776	5	2	0	1	3	2	2	5	4	2	4	5	3	3	2	3	0	3	0	4	
12	21.932894222513667	-102.30690906808692	3	3	1	4	1	0	2	5	3	5	2	3	5	3	2	1	2	0	0	5	
13	21.9359438921292	-102.32225792813989	4	2	4	2	3	3	4	3	2	0	4	1	4	0	4	4	3	0	3	5	
14	21.918003187303622	-102.32817987194493	4	3	3	0	4	0	1	4	4	4	5	0	2	3	4	4	2	3	3	1	
15	21.851088290029217	-102.28846504782861	4	5	1	1	1	3	5	2	1	1	0	4	3	1	4	4	3	2	5	4	
16	21.843361176642894	-102.28817102570208	5	5	2	2	5	5	3	5	5	2	4	1	5	5	3	1	0	1	4	5	
17	21.853883711809107	-102.29784674909942	0	2	1	2	2	5	4	4	4	4	2	4	0	3	1	5	2	4	2	2	
18	21.85564177648462	-102.28497110850095	0	5	2	2	0	0	3	2	5	4	1	0	2	0	2	3	3	4	5	1	
19	21.861832279016326	-102.29756187902049	4	2	5	0	0	1	4	2	1	0	2	2	5	4	3	4	3	5	4	5	
20	21.860059547526593	-102.29575435722863	0	5	1	2	4	0	1	4	1	5	4	4	2	2	2	4	0	2	5	4	
21	21.852154525587554	-102.30033791474439	2	3	2	2	5	2	2	0	3	3	0	5	1	3	4	0	4	1	3	1	
22	21.841251137136112	-102.28774738945137	4	5	2	3	2	3	5	4	3	1	2	1	3	0	4	5	2	4	4	1	
23	21.845171832615986	-102.28552378747396	3	3	2	1	0	1	3	1	3	1	4	1	2	3	2	2	0	1	3	5	
24	21.88679711888481	-102.29525805013269	3	1	4	5	1	4	0	2	5	5	3	2	5	0	3	2	1	4	2	1	
25	21.884283900455582	-102.30605719279153	4	2	3	5	1	1	2	4	1	4	5	5	2	1	1	4	3	0	4	2	
26	21.879607575455864	-102.29925869068549	4	2	5	3	0	5	3	1	3	0	0	5	1	4	0	3	0	4	5	2	
27	21.880362851461758	-102.29878305529802	4	0	5	1	0	4	1	0	3	2	4	0	0	5	1	5	1	1	3	5	
28	21.888035181409553	-102.28680235124172	2	2	0	3	5	5	4	2	5	5	5	3	5	3	1	1	1	5	4	1	
29	21.873726858929494	-102.2962660383453	3	2	3	4	0	1	4	3	1	2	1	2	3	3	5	1	5	3	0	5	
30	21.865892079656863	-102.28471108352997	1	1	0	3	1	2	2	3	5	4	2	1	3	1	2	2	2	0	0	0	
31	21.891505806524517	-102.29987130520436	4	3	1	3	0	4	5	2	4	0	5	1	1	0	1	1	5	4	2	2	
32	21.871114360520515	-102.30122651529007	5	4	4	5	1	2	3	5	1	3	0	3	5	4	0	3	1	4	5	2	
33	21.87124052507321	-102.29264579402692	2	5	2	5	5	1	0	5	0	1	2	2	4	5	0	1	0	2	4	5	
34	21.89034920877316	-102.29873607233151	5	2	2	4	4	2	5	3	5	5	3	5	0	0	3	3	5	5	5	5	
35	21.868056542465048	-102.29057952682224	1	5	1	3	5	4	5	3	0	0	1	1	2	5	1	2	0	4	1	0	
36	21.89118336595666	-102.28618552298018	4	1	3	0	0	3	5	3	4	3	4	5	1	2	4	4	3	3	4	3	
37	21.87227892279454	-102.30550281014452	1	0	0	3	5	0	2	0	5	4	0	3	1	1	1	3	1	2	4	2	
38	21.88926002251008	-102.30530766377993	0	2	5	2	2	5	4	2	2	1	0	0	1	3	5	5	5	4	1	5	
39	21.874185753766955	-102.30578006413482	3	0	4	5	2	0	2	2	3	2	1	1	0	1	3	0	0	1	5	0	
40	21.878699811388294	-102.28619713983679	2	0	4	2	5	4	1	2	3	2	1	0	3	5	3	1	4	5	5	5	
41	21.881464510606378	-102.28441131788756	0	1	3	5	3	1	3	4	4	1	2	2	0	0	2	1	0	0	1	3	
42	21.899806556582917	-102.29973043807694	3	1	5	0	5	0	1	5	0	1	0	4	5	2	5	2	0	0	2	1	
43	21.905430744875986	-102.29337099505379	2	0	0	2	4	3	3	0	3	1	1	2	2	2	3	1	5	5	1	1	
44	21.90919195484724	-102.28976239852837	5	5	3	0	3	3	3	5	1	3	5	3	5	2	1	5	1	4	4	5	
45	21.912361981885276	-102.30445565291056	3	0	0	4	2	1	4	3	2	4	4	5	4	0	1	2	3	1	2	4	
46	21.914268353042345	-102.29425566123312	1	0	2	0	3	1	1	5	4	3	3	5	5	2	3	5	3	2	1	3	
47	21.89924256767121	-102.28534320449006	3	3	1	5	3	5	1	3	3	4	0	2	2	5	2	1	0	4	1	5	
48	21.908672716334053	-102.28656898510414	0	1	1	4	2	3	2	2	1	2	5	4	4	2	5	1	5	5	0	0	
49	21.909216673681748	-102.28847872319551	5	0	5	0	5	2	2	1	0	2	0	2	2	5	3	1	3	0	1	2	
50	21.913066769409937	-102.30265209854564	4	4	1	5	2	5	5	1	5	1	5	2	0	3	1	1	5	4	5	0	
51	21.91243500788488	-102.28887819146092	5	5	2	5	1	2	3	2	1	5	5	3	1	3	5	5	5	3	3	2	
52	21.909899162990317	-102.29263389288106	1	1	4	4	5	0	0	0	0	0	0	2	4	5	4	0	0	1	4	0	
53	21.896788706697773	-102.30099653723927	0	1	2	2	5	0	0	2	4	2	4	3	4	4	0	4	5	2	0	4	
54	21.89614514977214	-102.29255073394468	2	1	0	3	1	3	1	4	5	4	5	2	0	4	5	3	5	4	4	0	
55	21.90105751755866	-102.29679045509063	2	1	3	4	1	2	3	3	4	3	1	4	5	1	3	2	0	1	3	5	
56	21.90410713496926	-102.29070448352186	0	1	1	0	1	0	1	0	0	1	1	2	1	3	5	0	2	1	1	1	
57	21.892226402677398	-102.29921623427666	3	3	5	5	5	5	5	3	3	3	0	2	4	1	2	3	4	0	0	3	
58	21.913876640983617	-102.28401693506815	5	4	1	2	1	5	2	1	0	2	5	5	3	3	1	5	1	4	0	5	
59	21.90279725361331	-102.30562563067299	3	3	3	0	4	3	3	1	4	1	5	5	1	1	3	5	2	1	0	1	
60	21.907758804310653	-102.29195068057993	0	3	5	5	2	5	4	2	3	0	4	3	5	0	4	4	5	4	3	4	
61	21.90960649585915	-102.29997997046283	0	0	4	5	2	0	0	3	1	2	4	1	5	0	5	3	4	5	3	3	
62	21.89256613750801	-102.30388203384202	4	5	5	0	0	1	5	2	0	1	2	0	4	1	1	0	4	3	2	3	
63	21.9077417267611	-102.29000527580668	4	1	2	2	5	1	0	4	4	0	3	3	0	5	1	1	4	3	3	2	
64	21.895187852611684	-102.29570792447556	4	3	2	0	3	1	5	4	2	1	0	0	2	3	5	1	4	0	3	4	
65	21.91536835306571	-102.2850284888315	1	1	0	4	0	2	4	5	2	3	0	5	5	2	2	5	1	0	1	2	
66	21.932769303363138	-102.29540577127777	0	3	0	5	4	0	1	3	5	2	4	3	1	2	0	2	2	5	4	3	
67	21.92011594261574	-102.28500051076469	5	3	3	3	4	0	2	2	0	3	0	3	2	1	1	4	0	2	3	0	
68	21.928756839207676	-102.30103843729997	4	1	4	4	5	4	2	1	0	5	2	4	5	5	1	4	4	4	3	1	
69	21.918730558906574	-102.29130039812759	3	4	1	2	4	0	0	4	1	5	3	5	2	3	2	5	5	1	5	2	
70	21.93028171929136	-102.28873912634454	4	4	0	0	4	0	2	3	2	2	3	5	4	5	4	1	1	3	1	0	
71	21.938861082441154	-102.30474918455118	2	5	4	3	1	0	2	0	0	0	2	4	4	4	5	5	2	4	2	2	
72	21.91846849596134	-102.30368782188808	0	1	5	1	2	1	2	3	3	3	1	3	0	4	0	4	2	5	1	4	
73	21.934122766909297	-102.29711669913141	1	3	0	2	1	0	4	0	3	5	4	4	4	4	0	4	5	5	5	2	
74	21.936909645097064	-102.30149485022949	5	0	1	0	2	3	1	0	2	5	1	2	5	3	4	1	0	5	1	0	
75	21.92211648974755	-102.29841036478385	5	4	2	0	1	5	4	2	0	3	0	4	5	2	3	0	2	4	5	3	
76	21.93735318864784	-102.28431435272654	0	4	0	5	4	2	3	4	4	4	1	0	0	3	5	2	5	4	0	2	
77	21.931162260916278	-102.3000348314503	4	2	4	3	1	0	1	4	3	0	5	1	4	5	5	0	0	0	0	0	
78	21.92343512217947	-102.30247214656823	3	4	3	0	2	4	1	3	1	5	5	2	2	3	2	4	4	1	4	5	
79	21.925892457653276	-102.30159351107761	4	0	1	2	5	3	4	2	3	3	3	5	1	5	0	1	3	1	3	3	
80	21.938620393997358	-102.29609434662066	1	2	5	1	1	5	4	4	3	0	0	0	5	4	1	3	1	1	0	3	
81	21.936348016888235	-102.29720025154006	2	3	4	3	5	2	1	2	0	3	2	3	4	2	1	0	1	5	1	3	
82	21.932496218858955	-102.30370997571313	2	3	0	4	1	4	0	2	2	0	4	0	5	5	1	0	3	4	1	4	
83	21.931794740110274	-102.30628044422411	2	3	2	4	5	3	4	2	5	1	3	2	3	4	2	1	0	1	4	0	
84	21.93089374194892	-102.30231308370034	2	1	4	3	3	1	0	2	5	1	1	3	2	4	3	0	0	0	1	4	
85	21.931058671015297	-102.30034635739797	0	0	0	3	4	5	3	3	4	2	3	5	5	5	1	1	4	3	3	4	
86	21.937019131784314	-102.29615013720701	1	3	3	3	0	1	5	4	0	5	1	1	0	5	1	3	2	5	3	2	
87	21.924529138250207	-102.28625067538987	0	5	3	1	1	3	0	5	3	4	0	3	3	1	5	4	1	3	1	3	
88	21.92775513800064	-102.30552595967893	3	4	2	0	5	0	0	3	4	4	3	4	4	3	5	1	2	0	0	5	
89	21.928678409293685	-102.29367150842928	1	5	4	5	1	4	0	4	0	2	1	2	4	4	5	5	5	2	0	0	
90	21.92339962816219	-102.29625645281813	3	3	3	2	5	4	4	0	0	3	3	0	1	3	4	5	1	3	4	5	
91	21.92966184658278	-102.29763265538689	5	0	0	3	1	4	5	0	2	0	1	4	2	3	2	4	5	5	0	2	
92	21.921185739094547	-102.29341840449007	4	5	1	1	2	4	5	4	2	4	5	2	3	4	0	0	2	1	4	4	
93	21.936564577990605	-102.30172757464358	2	3	3	3	2	5	4	4	5	4	3	2	3	5	4	4	5	0	5	4	
94	21.924840629628992	-102.28409496534405	2	5	5	1	0	0	4	4	5	5	3	0	2	4	0	2	0	2	2	4	
95	21.931811924534088	-102.29853029847091	3	3	3	3	5	3	4	2	5	4	0	2	4	0	2	2	3	5	0	4	
96	21.93819304663215	-102.292727072046	4	4	1	1	2	5	4	2	1	1	2	3	2	2	4	1	0	4	5	4	
97	21.9297954700577	-102.28629571007158	3	2	0	2	0	0	3	2	5	0	4	0	5	0	3	3	0	3	2	4	
98	21.86214351232732	-102.26394747368016	5	0	2	4	3	1	0	3	4	1	5	0	0	4	2	4	5	1	4	2	
99	21.86334281149413	-102.2702150856904	4	0	5	2	1	5	1	1	4	5	3	3	5	2	2	5	3	0	0	3	
100	21.851392938889767	-102.27254031065378	4	2	3	5	0	3	4	3	1	4	4	3	0	3	5	4	4	2	1	2	
101	21.841450854894195	-102.28123817437537	5	1	3	0	4	0	5	4	5	0	5	4	3	3	2	5	1	4	0	5	
102	21.841636788247595	-102.28106277118466	1	1	2	4	4	0	2	1	2	2	1	4	4	2	3	3	0	3	5	4	
103	21.858486551715096	-102.26555092492366	3	5	5	4	0	5	4	1	1	5	0	4	2	2	5	0	3	3	5	0	
104	21.843780281507996	-102.26737709794399	2	2	1	4	2	5	3	0	4	0	1	1	3	2	0	3	1	0	2	3	
105	21.887050991319708	-102.27086132781534	1	4	2	4	0	2	4	5	4	5	5	3	1	5	3	2	4	5	0	3	
106	21.871298671322965	-102.28111790682719	5	1	4	2	0	0	3	4	5	4	4	0	2	2	5	2	2	5	1	3	
107	21.875303846595482	-102.27731580947548	2	1	0	5	3	1	0	4	2	5	1	1	1	0	2	3	3	2	0	2	
108	21.871800346441233	-102.26451738353087	2	3	0	4	5	2	5	5	2	4	3	5	4	2	5	0	5	5	3	1	
109	21.887302481285943	-102.26539983043183	4	5	1	0	0	2	0	4	5	0	4	2	3	2	4	0	0	4	3	0	
110	21.878435343613774	-102.26595556832478	5	2	3	4	5	1	4	4	3	1	5	4	5	4	1	5	4	3	2	4	
111	21.87637942639926	-102.26306819188785	5	4	5	5	3	0	3	2	5	0	3	4	3	4	3	0	2	0	5	0	
112	21.871451188910285	-102.27764230108258	0	4	3	0	1	2	5	1	3	3	2	0	1	1	0	3	1	2	5	5	
113	21.886374493377325	-102.27627662360389	3	1	4	4	4	5	5	3	1	4	5	0	0	1	5	0	1	1	0	3	
114	21.88337835376954	-102.27001493592084	5	4	5	2	3	1	3	2	0	1	3	1	2	0	2	1	4	1	4	3	
115	21.873237510555104	-102.27138324322668	2	2	3	3	0	4	0	4	4	0	0	2	1	2	3	5	1	3	0	3	
116	21.86981634853992	-102.27330531455068	3	2	5	1	2	2	3	4	5	2	3	1	5	3	3	4	3	5	5	5	
117	21.873697108666683	-102.26710185315059	5	4	5	2	3	4	1	0	5	2	5	2	2	0	4	1	1	0	0	0	
118	21.866195398539798	-102.27941125866718	5	5	5	5	2	4	2	4	2	1	0	1	5	2	3	3	2	3	1	0	
119	21.873328372146222	-102.2802068488237	2	1	3	5	5	5	1	2	5	4	1	0	2	1	5	5	1	4	0	2	
120	21.88400702388071	-102.27881352435121	5	1	5	3	3	1	3	1	2	0	3	4	2	2	1	1	3	0	2	4	
121	21.872488844013073	-102.26351549854822	2	2	1	5	5	4	0	2	0	0	1	5	4	3	2	5	2	0	3	4	
122	21.884571121105925	-102.27836344708983	3	2	2	0	0	1	3	1	0	4	3	4	4	3	2	5	4	4	0	0	
123	21.87275539190409	-102.28079059339098	0	0	2	4	2	5	2	4	4	4	2	3	1	5	3	1	5	2	4	5	
124	21.871802919025665	-102.27541501799418	4	5	1	3	1	2	4	5	3	1	0	5	4	3	3	4	4	0	0	0	
125	21.86864225599593	-102.26471173686978	3	5	1	3	5	0	0	2	1	1	1	0	5	3	5	0	3	1	1	1	
126	21.888214200805898	-102.26947919234198	4	3	5	1	3	3	3	4	3	2	4	2	3	2	0	2	3	2	4	4	
127	21.877692096427428	-102.28302567496371	0	1	3	1	5	4	1	4	2	4	0	2	5	1	3	5	3	3	4	0	
128	21.866623506492115	-102.2837932671356	1	0	3	2	0	2	2	1	2	0	0	1	1	2	2	0	1	4	0	3	
129	21.9006711566074	-102.27482548354534	4	3	3	0	4	3	3	4	1	1	2	1	2	1	2	0	0	0	5	3	
130	21.899295766231095	-102.27840881925171	1	0	4	4	3	3	2	4	5	3	3	5	0	2	0	3	3	5	3	0	
131	21.89365356759904	-102.26155956909305	1	0	4	1	3	4	2	1	2	0	2	4	1	2	4	1	4	5	5	0	
132	21.8971099693338	-102.27932743625453	0	4	1	3	5	2	2	1	5	3	5	3	5	0	1	4	0	2	4	4	
133	21.89695673581629	-102.27556277198308	0	2	3	2	4	5	2	4	4	2	4	5	2	0	3	3	1	4	3	5	
134	21.904440269766205	-102.27413134356354	3	0	4	4	2	2	5	3	4	5	1	3	3	2	4	2	1	3	1	1	
135	21.909120161229826	-102.27197475727692	0	5	5	4	5	0	3	0	5	5	4	0	4	0	4	4	5	3	4	3	
136	21.916655271832898	-102.27548713458997	5	0	3	3	5	2	5	1	5	2	5	3	0	4	1	3	1	5	4	0	
137	21.897505735322788	-102.27312443484115	1	4	2	5	0	4	3	3	5	3	2	2	0	3	4	0	3	4	5	1	
138	21.909226399574884	-102.28035539007753	5	2	3	0	3	5	2	5	1	3	1	2	4	5	5	2	3	1	5	3	
139	21.89589432650243	-102.27121207207921	5	4	2	3	1	3	2	3	1	2	2	4	2	3	3	0	1	2	1	5	
140	21.896864181710438	-102.26231145550891	5	2	4	2	2	1	5	1	4	5	2	0	5	2	3	0	4	0	2	1	
141	21.905677515781026	-102.27824470663886	3	1	1	3	4	3	4	1	4	4	3	2	5	0	1	4	5	0	0	3	
142	21.911723624244242	-102.27743892137504	2	4	0	2	3	5	3	3	4	1	5	0	1	1	3	2	4	4	4	0	
143	21.911219931920833	-102.2831691145275	3	0	0	1	3	3	2	4	0	0	1	5	4	3	5	5	2	0	4	2	
144	21.929860395063823	-102.27371953635749	0	4	0	2	4	0	3	4	0	2	1	2	3	1	1	2	2	2	3	0	
145	21.92880579292137	-102.28009646510002	4	5	5	5	1	4	1	0	0	2	1	5	2	3	4	4	3	2	2	0	
146	21.919445682047108	-102.26552606844064	1	4	3	2	5	3	2	3	3	1	5	3	1	1	1	0	2	4	3	5	
147	21.92870335532294	-102.28071660191314	3	4	1	0	4	4	3	2	2	3	1	3	3	3	1	5	3	1	1	4	
148	21.9396450099231	-102.26164404609455	5	3	2	5	4	4	1	5	2	0	3	2	0	0	0	0	3	1	1	1	
149	21.92120272223782	-102.28372590566765	5	2	0	0	1	0	5	3	5	0	3	4	2	5	5	5	5	3	2	5	
150	21.917814857933166	-102.26484618861096	2	2	5	2	5	2	3	0	3	3	4	4	2	0	0	1	4	4	5	0	
151	21.922086433576467	-102.27249522097313	4	3	3	2	4	0	2	1	2	2	1	0	1	1	2	0	2	1	0	3	
152	21.91927810744688	-102.2838117462854	5	3	1	0	2	4	0	0	0	1	4	4	5	1	5	2	0	4	1	2	
153	21.9268726314875	-102.26648543525731	3	3	5	3	0	4	5	4	1	4	5	1	3	1	1	2	4	5	0	5	
154	21.92644701722486	-102.28280744926543	5	2	5	1	2	3	0	1	2	1	2	4	1	5	2	3	5	2	1	0	
155	21.926501818076282	-102.28348399454356	2	3	2	4	2	5	1	1	1	4	4	2	2	5	0	2	1	3	5	5	
156	21.925096903221366	-102.26818803192705	4	1	5	3	2	5	1	5	0	2	5	0	0	4	1	0	2	1	2	2	
157	21.9376151990004	-102.26812922063553	4	3	0	3	4	2	4	3	1	3	1	5	3	0	3	1	3	3	1	1	
158	21.926929129385403	-102.28279493819383	0	3	4	5	0	4	1	2	5	1	2	0	1	4	1	5	3	5	1	1	
159	21.925803631760253	-102.28174177917215	2	5	4	1	0	5	0	0	4	4	3	0	2	3	0	0	5	3	2	1	
160	21.942970000122703	-102.2779375699553	5	3	1	5	5	5	1	5	1	5	0	4	3	5	3	5	0	5	1	1	
161	21.935335755038142	-102.28223259011884	5	0	1	2	5	4	2	2	4	4	1	1	2	5	2	0	3	2	3	1	
162	21.925436108839943	-102.26839617981229	5	0	1	3	1	0	1	4	1	3	2	0	0	1	0	0	3	4	4	4	
163	21.925218813068568	-102.27267523825157	1	1	4	4	4	2	0	1	0	3	4	3	5	3	5	4	0	4	3	2	
164	21.922361906408362	-102.26553104504148	0	3	5	3	5	5	3	1	0	3	2	3	2	2	3	1	0	1	3	0	
165	21.92221250200885	-102.26251343915153	3	2	0	3	5	1	5	0	3	5	2	4	3	5	2	2	3	5	0	0	
166	21.936939283177466	-102.27357285017187	2	2	4	1	5	4	5	5	5	5	1	2	3	0	3	0	3	4	1	3	
167	21.94147016762308	-102.28349557443653	5	2	4	1	3	3	5	3	2	2	4	1	0	3	1	4	1	5	1	4	
168	21.920164314156757	-102.28295583135149	3	3	3	0	1	0	2	4	3	0	4	2	0	5	3	2	4	1	3	5	
169	21.93915407538276	-102.2645422078166	4	0	1	0	4	5	5	5	2	4	2	0	1	5	1	3	3	1	1	1	
170	21.929611010813968	-102.27161275287715	0	3	4	1	0	2	2	2	5	5	0	0	1	5	2	5	2	2	4	4	
171	21.92150506084376	-102.27231295426	3	1	0	2	3	2	5	5	2	1	3	4	4	0	4	5	3	3	2	2	
172	21.937435282107746	-102.26654304535953	5	2	0	4	3	2	1	3	1	0	0	2	3	2	3	0	2	2	4	2	
173	21.932431734650635	-102.26181374858896	2	3	4	4	4	3	1	3	5	5	2	1	0	2	3	2	5	3	3	1	
174	21.942452020540188	-102.26174493001287	0	0	3	2	4	1	4	3	3	5	5	1	0	5	1	0	0	0	2	4	
175	21.933995249194904	-102.28336488859792	4	2	3	1	2	4	1	4	0	1	1	4	0	5	4	3	3	5	0	0	
176	21.936622313727227	-102.28247389364459	0	5	1	5	5	1	3	2	1	4	3	4	2	3	4	5	5	2	1	3	
177	21.930659400916454	-102.27046207983963	5	4	5	0	1	3	1	2	3	0	2	1	4	0	1	5	2	0	2	1	
178	21.933940996065747	-102.26721019279765	3	3	3	1	4	2	3	5	4	5	1	4	0	0	1	1	4	4	0	3	
179	21.94086998098339	-102.27424759725655	2	1	4	1	4	4	2	1	1	2	0	5	1	5	1	4	5	1	0	0	
180	21.927306645616724	-102.2634234432875	3	2	4	5	0	0	4	2	5	5	5	2	3	5	3	1	0	5	1	1	
181	21.933573465904654	-102.28361340159272	1	3	4	2	5	1	2	5	0	3	1	3	1	4	2	3	1	5	3	0	
182	21.932466952273142	-102.27583006167485	4	3	3	0	5	5	3	3	0	5	4	2	0	5	0	4	5	1	4	0	
183	21.918520978112817	-102.26750471989153	5	3	4	2	1	5	0	2	1	3	0	5	3	0	0	4	2	4	4	3	
184	21.92789934086285	-102.27969664151298	2	0	4	5	2	1	0	3	5	4	3	5	3	0	5	4	0	3	0	1	
185	21.929891403810515	-102.27350300524446	5	3	0	1	2	0	0	3	2	0	5	2	0	3	1	2	3	4	4	4	
186	21.91874653296699	-102.26401732671069	2	1	0	3	2	1	2	4	4	3	3	5	2	3	0	4	4	5	5	4	
187	21.922544137760422	-102.27099648214798	4	2	3	1	3	1	2	1	0	0	2	2	4	1	5	5	3	2	0	1	
188	21.93783026584265	-102.27591868896567	3	3	2	2	2	5	3	4	0	0	0	3	2	3	2	3	3	5	1	4	
189	21.922480524085472	-102.26503938027427	0	5	2	0	5	3	1	2	4	4	2	2	1	0	5	0	5	2	4	3	
190	21.940746994329814	-102.27603289780475	4	0	0	0	3	4	1	1	3	2	4	3	3	5	0	4	2	5	0	5	
191	21.934105211235558	-102.28155050443908	0	5	3	3	5	2	0	2	3	2	4	0	2	5	5	4	5	2	4	0	
192	21.94330636561358	-102.26685540184181	2	1	0	5	4	0	3	5	3	2	4	2	4	3	3	3	2	3	2	2	
193	21.919944795940125	-102.27918615633833	3	2	2	3	5	1	2	2	1	2	5	0	4	0	4	4	0	2	0	2	
194	21.922849916553123	-102.27480529669866	3	4	2	3	4	3	2	4	2	4	4	4	5	4	1	0	2	1	4	2	
195	21.936326054536988	-102.26337424190555	5	3	4	0	2	4	2	2	0	2	0	1	5	0	2	2	2	2	4	5	
196	21.922292920853696	-102.27607668336758	0	3	5	3	1	2	0	2	3	4	1	4	3	1	3	5	5	4	2	1	
197	21.93192471618345	-102.26369057267549	3	1	5	0	3	4	3	2	3	3	5	3	1	5	0	2	0	1	5	2	
198	21.942688703161227	-102.26723503078966	2	0	0	3	5	2	0	1	5	3	0	5	1	2	3	2	2	2	1	3	
199	21.93998624463092	-102.26600385662074	1	2	3	0	1	2	0	1	5	5	3	2	3	4	1	1	1	0	4	1	
200	21.94297083879661	-102.26534019167688	2	0	5	2	3	3	1	5	1	3	0	2	0	1	1	3	2	2	1	4	
201	21.940737490641105	-102.27292763003256	3	4	0	1	4	2	0	4	5	2	4	4	5	4	3	2	4	4	5	3	
202	21.93950009168156	-102.2689627131623	4	1	4	3	1	4	4	1	5	0	3	1	5	4	4	4	3	5	4	5	
203	21.93684604449048	-102.27255335287684	4	2	5	5	3	3	5	5	1	3	0	5	3	0	4	0	2	1	2	5	
204	21.86503894674428	-102.25754721146042	3	1	5	4	3	1	4	0	4	2	5	2	1	0	4	5	4	0	1	3	
205	21.855205193722288	-102.25906009040169	1	1	5	4	3	2	0	1	5	2	5	0	2	5	5	0	4	2	5	3	
206	21.85932934987216	-102.25041209146264	5	5	0	1	5	3	5	3	1	2	4	0	3	5	3	1	4	2	0	0	
207	21.851041835666244	-102.26107095682772	0	1	1	4	0	0	2	3	0	1	3	0	5	5	5	4	3	4	0	5	
208	21.847629984237976	-102.24102501122299	2	2	0	1	4	4	0	1	2	0	3	5	4	0	2	4	2	5	1	5	
209	21.84339970603966	-102.25988531449404	3	5	2	1	2	4	2	3	5	5	0	5	2	2	1	1	5	3	5	2	
210	21.853588909489762	-102.2528160030466	5	0	3	2	0	1	2	1	4	1	4	3	3	0	5	2	1	0	3	1	
211	21.849704123565274	-102.24667755438072	1	5	4	0	0	2	4	1	2	1	1	5	3	5	1	5	5	5	5	1	
212	21.856372428715662	-102.24697603322416	5	4	5	4	2	2	3	1	0	3	3	0	1	2	4	0	0	2	3	4	
213	21.84301254297258	-102.25419504328156	5	1	4	2	2	4	1	2	5	1	2	5	3	3	1	4	3	2	1	4	
214	21.85942341475223	-102.2494997597094	5	4	0	4	3	3	5	0	0	2	3	0	3	2	1	1	3	2	1	1	
215	21.851187168160468	-102.24965124678786	1	0	5	5	0	3	1	1	1	5	3	0	0	0	1	5	5	0	1	3	
216	21.850870692361795	-102.2435038478157	2	1	0	3	1	3	4	0	1	1	3	3	4	4	0	3	3	4	3	0	
217	21.865422873659842	-102.2532178278117	0	2	2	5	4	3	5	2	2	4	0	3	2	1	1	5	3	0	1	2	
218	21.85371172495689	-102.24581600627266	4	2	4	0	0	3	0	1	4	4	2	5	0	2	2	4	5	3	0	0	
219	21.87106162191247	-102.2456875491814	2	3	3	2	5	4	1	3	0	2	4	3	0	1	4	4	4	3	4	1	
220	21.891662982903917	-102.2517419083398	0	5	3	4	3	4	4	2	5	1	0	1	3	1	2	2	5	1	4	3	
221	21.88490309560145	-102.24660220818089	5	4	2	1	0	2	1	3	3	5	0	2	2	3	1	4	0	0	1	1	
222	21.887712916892994	-102.25680578628469	5	2	0	2	3	5	3	0	0	3	5	4	4	5	5	0	4	1	4	1	
223	21.89016297978278	-102.24919426665593	1	0	5	1	3	4	3	5	1	4	4	5	5	2	3	2	4	2	1	3	
224	21.89079820686131	-102.2433442467802	5	3	4	0	5	5	0	3	2	0	2	5	2	4	1	2	0	0	4	3	
225	21.88565990197591	-102.24313852016107	0	1	0	0	0	4	0	0	3	4	1	1	2	3	0	1	4	2	4	1	
226	21.868692787426696	-102.24143203881299	2	2	3	4	5	3	1	2	3	4	2	2	3	0	5	4	5	5	2	3	
227	21.870574731288958	-102.24158613412659	2	3	1	0	5	4	2	0	5	0	3	2	1	2	4	0	0	2	1	5	
228	21.867691837999185	-102.2563208809202	1	4	2	2	5	3	0	3	3	0	3	4	2	0	2	5	3	1	5	0	
229	21.8825232198667	-102.2574784658722	1	2	5	1	0	4	0	1	5	5	2	4	2	3	2	3	0	2	2	3	
230	21.876537270052413	-102.26108635828334	1	5	3	2	1	3	1	0	2	3	3	1	4	0	1	2	2	2	5	5	
231	21.871756244963795	-102.24755778495253	1	1	0	5	1	0	2	3	2	2	2	4	4	3	0	4	0	5	5	5	
232	21.902031033244583	-102.25989052822273	0	3	5	0	2	1	1	2	4	4	0	4	2	3	4	0	3	0	1	1	
233	21.896933602427925	-102.25638915120125	3	2	4	3	2	0	5	2	4	4	3	4	2	0	0	5	4	5	4	3	
234	21.908257379758748	-102.25020351193201	0	3	4	4	0	0	4	3	0	1	3	3	3	1	1	3	5	5	2	1	
235	21.902930553154842	-102.24148531929679	4	5	0	0	3	2	3	2	0	4	2	0	1	4	4	2	3	1	4	1	
236	21.9080485731282	-102.24609028538507	4	0	0	0	2	4	1	4	5	4	1	0	5	5	2	3	0	1	4	1	
237	21.907558668034312	-102.249850651433	5	4	5	2	2	2	5	3	0	2	1	3	0	4	5	3	1	3	0	5	
238	21.91530996253913	-102.24983616456639	4	5	3	0	5	0	1	3	0	3	2	4	0	0	4	0	4	3	3	5	
239	21.894833600076804	-102.24457848972008	0	5	0	0	4	5	4	4	4	2	4	0	5	5	1	0	4	0	2	2	
240	21.89859872665657	-102.25358976320763	0	0	5	2	5	4	4	5	5	0	5	4	4	3	4	2	5	4	0	1	
241	21.91052357734942	-102.2458250721142	3	4	4	0	4	0	3	2	3	0	2	2	0	5	4	4	4	3	0	0	
242	21.904340298181108	-102.25202769308842	1	5	0	1	2	1	2	5	0	3	2	5	1	3	3	2	0	2	5	2	
243	21.91361882658822	-102.25440228043757	5	4	3	4	3	4	5	5	5	4	1	5	5	0	3	4	1	5	5	2	
244	21.902944298231027	-102.25770070516843	3	2	3	0	0	0	0	0	4	4	3	5	0	2	3	5	2	0	5	5	
245	21.89641072086282	-102.24674718838725	2	0	2	2	2	5	4	1	5	2	4	1	1	0	1	4	0	2	0	4	
246	21.917402686593952	-102.24826779533494	3	4	5	1	5	1	4	0	2	3	3	3	5	0	5	1	5	5	0	1	
247	21.90800342109772	-102.24267152867328	4	3	0	4	0	2	2	2	5	3	3	4	2	4	1	1	5	0	2	2	
248	21.90022776466818	-102.25178348771942	4	3	5	1	1	4	0	0	4	4	3	3	3	1	2	4	0	5	3	3	
249	21.90805648193107	-102.2400454157191	5	5	3	4	3	3	1	1	5	3	5	0	1	3	2	1	5	5	5	4	
250	21.912967333031023	-102.25445954086142	1	1	1	3	2	2	2	5	2	3	2	2	5	4	3	0	2	5	3	0	
251	21.914555957238353	-102.23969152557162	3	5	1	5	4	2	3	5	4	5	2	4	5	5	4	3	0	0	1	2	
252	21.891782441663942	-102.24190374442591	0	5	0	4	2	2	3	0	2	5	5	5	4	4	4	0	3	2	5	0	
253	21.902595836589633	-102.25862509405137	5	0	2	1	1	1	0	0	3	3	3	2	0	0	5	0	3	0	4	5	
254	21.916790513171946	-102.25246820013898	1	0	1	1	3	4	1	1	2	2	1	0	5	0	1	1	4	0	5	5	
255	21.89583281468827	-102.2526572823194	3	2	4	2	3	0	3	3	1	0	4	0	4	3	0	5	5	5	1	4	
256	21.928613225754237	-102.24175421363722	5	2	1	4	1	5	5	2	0	5	2	3	1	5	5	1	3	1	3	2	
257	21.93490455231757	-102.24322359735369	3	4	2	4	2	3	0	4	0	3	4	3	4	1	0	3	1	3	3	4	
258	21.934824309509988	-102.24615304051812	0	4	2	1	0	4	5	4	5	2	1	4	3	0	0	4	1	1	3	4	
259	21.922748746125087	-102.25628199380341	4	4	3	3	0	0	3	0	2	2	5	2	0	4	5	1	5	3	1	5	
260	21.939188392172454	-102.26141335785634	1	2	3	4	1	0	3	0	1	4	4	2	0	0	0	0	1	4	2	0	
261	21.92112510844416	-102.25893880652677	2	2	1	5	0	4	0	1	3	5	2	5	4	4	5	3	4	3	5	0	
262	21.922347706071637	-102.25245195772261	1	1	4	4	4	2	1	5	1	3	5	0	5	3	4	1	5	0	0	1	
263	21.918216069521087	-102.25569176192371	0	4	2	1	4	0	3	3	5	4	5	1	3	4	0	0	1	0	4	3	
264	21.939220045872233	-102.23951201523245	3	0	2	4	1	4	2	3	4	1	3	2	1	0	4	0	4	3	4	5	
265	21.925541765159224	-102.24784312355352	4	5	0	0	1	5	2	3	0	1	2	5	5	3	4	2	1	4	0	2	
266	21.94035798213992	-102.25071666894091	5	2	3	0	1	5	5	5	3	1	4	4	5	3	1	4	5	2	0	5	
267	21.9256607057577	-102.24726274050684	1	1	0	3	0	2	3	3	3	5	3	1	0	3	3	2	4	5	3	1	
268	21.939130616538854	-102.25330315189251	5	1	5	2	4	1	0	4	0	1	0	2	5	1	0	5	3	2	2	4	
269	21.942080661594467	-102.2568991722014	5	2	5	2	5	0	2	3	1	5	5	4	0	5	2	3	5	3	2	1	
270	21.919084419534098	-102.25838667268587	2	4	2	4	0	4	5	2	4	4	5	3	0	5	3	1	1	5	2	3	
271	21.923144638393925	-102.24613624295638	4	5	3	1	5	5	2	0	5	5	0	3	0	0	0	0	1	0	2	0	
272	21.934501079070813	-102.25075961470726	3	5	1	4	5	4	0	0	2	2	5	0	4	3	1	1	5	3	5	5	
273	21.93296107680707	-102.24616113779572	2	1	2	0	5	0	3	0	0	3	1	1	3	3	5	2	3	3	0	3	
274	21.94100250343498	-102.24082014743013	2	3	3	4	0	1	2	1	2	2	1	2	0	0	3	4	2	3	2	3	
275	21.918391122556525	-102.2464462553696	0	0	4	4	4	3	1	5	1	3	2	2	1	4	4	1	5	5	5	5	
276	21.932537895934086	-102.25658230246114	0	3	2	3	5	1	1	4	4	0	1	5	5	4	0	3	3	5	3	3	
277	21.92170887776238	-102.25821790262617	5	2	1	2	2	0	3	0	3	4	2	5	2	0	4	3	4	5	5	0	
278	21.9366975047282	-102.25550142485872	5	5	2	3	1	5	2	1	2	5	0	5	1	5	4	3	4	5	2	4	
279	21.936999016607306	-102.25184041932478	5	3	1	1	2	2	3	0	0	4	4	2	0	2	2	0	1	1	2	1	
280	21.926149082071248	-102.25951695749693	0	1	4	0	2	4	3	2	4	2	4	5	4	5	2	1	3	4	1	3	
281	21.925546561332347	-102.24949885264249	5	4	5	3	2	3	5	3	0	0	5	4	5	3	1	5	0	0	2	3	
282	21.928590802976917	-102.25451173374371	5	5	0	5	3	0	0	5	4	5	2	3	0	4	3	2	0	2	2	2	
283	21.938744631642997	-102.25159854148346	5	1	5	1	5	5	4	1	4	0	5	4	2	2	0	2	3	4	3	4	
284	21.923724745567142	-102.25809219250499	2	4	0	5	4	0	4	1	5	4	0	2	0	1	5	3	1	1	5	5	
285	21.93690626738939	-102.26106594415272	0	3	5	4	4	1	4	0	0	5	2	5	5	2	4	5	2	3	5	3	
286	21.923342030820148	-102.2517262109571	5	4	0	5	0	1	0	4	5	4	0	2	5	5	3	3	0	0	3	2	
287	21.91862812152426	-102.24045235200713	5	1	3	4	0	0	1	4	5	1	3	1	3	5	0	0	3	5	0	2	
288	21.93453417664027	-102.25325448443576	4	2	4	0	2	2	3	3	0	4	1	5	5	5	1	3	5	4	0	1	
289	21.925240815513973	-102.24652052498581	2	1	0	5	0	5	3	1	2	0	4	4	4	3	4	1	5	5	0	5	
290	21.93589576446829	-102.24610652337452	4	0	0	1	1	3	5	3	4	1	1	0	4	3	3	2	2	5	3	0	
291	21.93715730619612	-102.23991811986279	1	1	5	5	4	1	0	2	0	0	1	2	5	0	0	5	1	4	4	2	
292	21.92364249162313	-102.25882363117942	0	4	5	2	2	4	3	2	1	5	0	4	1	0	3	2	5	4	4	3	
293	21.940702980174347	-102.24975652008938	4	1	5	2	0	1	2	0	2	1	5	3	2	4	0	0	3	4	4	2	
294	21.917683230810105	-102.24593228321673	5	5	0	4	5	3	1	2	0	2	0	3	5	4	2	2	5	0	2	4	
295	21.92388235354798	-102.24267773627429	3	4	0	3	0	4	5	5	4	4	0	0	3	2	5	5	2	1	5	4	
296	21.91798487487252	-102.24012736952486	5	3	4	3	4	3	5	4	0	1	1	2	5	4	2	3	4	2	5	0	
297	21.934523123072204	-102.25256830218669	1	5	0	1	2	1	0	3	0	1	5	0	5	5	4	3	1	4	2	4	
298	21.93020753218604	-102.24951656701242	3	1	4	0	3	1	2	3	0	0	4	3	0	4	2	5	1	1	4	4	
299	21.940920189244242	-102.25634236581197	0	3	5	5	3	0	0	2	0	4	4	2	4	4	0	0	1	4	2	0	
300	21.927369048427718	-102.25773499366497	4	0	5	1	2	5	1	4	4	2	0	0	5	2	2	2	4	0	4	2	
